10000
8084 1
5830 2
4667 3
7314 5
9282 9
1340 12
5109 16
8768 17
3553 19
8398 25
5575 26
3977 28
7263 31
8773 32
4630 35
3318 36
8899 39
8211 47
4083 51
759 53
2397 58
9566 59
1646 60
8501 63
2754 65
5313 66
8273 68
2089 69
2653 72
2337 78
7097 80
7088 81
8166 82
1763 84
753 85
3799 90
3102 93
5861 94
2566 96
6654 97
4258 100
4493 105
6982 108
7873 113
3265 115
1611 116
7542 119
8515 123
6174 124
7976 127
5625 128
8570 130
7542 131
7271 133
7070 135
6647 140
2583 144
1694 146
5087 157
5235 162
4030 165
2183 169
8675 170
8547 171
3945 174
9427 175
2345 180
3398 181
5288 184
1263 185
6403 194
5897 195
5755 197
3384 201
121 205
5371 206
4995 207
7662 212
238 213
1168 214
5638 215
5862 222
6089 223
9531 225
3132 227
9511 228
2529 232
5715 233
1204 234
7615 237
7301 238
1586 245
6150 246
5975 247
132 249
6446 252
1754 255
8829 256
9844 262
7041 264
91 265
2598 91
2937 267
2197 273
2334 275
9410 276
7567 278
3680 279
7071 280
7804 283
1199 284
9060 285
18 286
7287 288
4942 289
3149 290
3149 292
7470 295
5215 297
705 298
1437 300
8868 302
2290 303
7586 310
1194 311
8773 320
4031 322
2947 329
3953 332
226 334
9987 335
4043 336
2824 341
9276 343
6239 346
5157 348
8685 349
158 353
8836 354
2107 355
4313 356
34 357
1167 364
4330 368
3672 370
6108 375
7479 380
3173 384
9930 385
9045 386
3877 387
1366 388
7912 390
2518 391
5303 392
9106 394
7642 395
9333 397
2052 399
1595 401
5911 406
8391 408
1989 411
8734 415
4018 420
4580 421
242 424
2702 425
4737 426
9077 428
1160 432
5401 435
5462 437
8678 438
9731 447
5485 449
1138 450
3561 451
8657 453
1067 454
2605 457
8885 460
8784 461
517 465
7754 467
4086 471
5974 473
5396 474
9770 479
4377 485
3342 486
5680 488
9119 489
5330 491
765 495
3136 496
6261 500
1006 504
2189 506
7349 507
6434 508
3349 510
2750 512
8247 513
2026 514
2480 519
3732 523
3163 527
6040 529
8740 530
581 532
4996 533
7625 534
9364 535
5512 536
5378 538
9801 539
7837 540
7125 542
9571 545
8566 551
466 552
1602 553
7684 555
2148 556
2367 558
820 560
8408 563
9724 565
3008 569
2109 574
6158 582
2708 585
4858 586
756 587
1086 590
7337 595
4487 596
4248 598
9728 603
3227 606
1181 607
4723 612
7203 613
544 614
6587 544
8932 615
6697 618
4423 622
6057 624
2619 628
9340 630
2874 638
4220 639
7024 640
1373 641
2938 643
4195 645
6133 651
2662 654
7202 656
8241 657
5171 658
6262 659
3098 660
5926 661
7347 663
6786 666
6765 673
7946 676
6513 679
6343 686
9126 687
1235 688
3545 689
6022 691
7821 692
2476 693
9070 695
8596 705
4884 711
1688 712
7935 715
4110 716
2259 717
4958 718
5482 720
5197 721
9152 722
1614 723
4210 725
2706 726
9854 731
5732 732
5319 735
9303 741
1657 749
2665 750
6088 756
8421 760
6962 763
2600 764
4763 766
2440 773
187 783
4659 786
4813 788
8007 789
3487 796
3882 799
2954 801
8370 805
5569 806
889 807
8831 815
4179 823
2198 824
4313 826
9375 830
7702 835
2278 839
9936 840
6759 842
8484 843
5667 844
2077 847
7786 849
3676 854
1093 857
3874 858
8448 859
4406 860
2825 864
9563 866
6845 868
3011 869
4221 870
1657 871
7370 872
4059 875
1890 876
323 877
2429 878
7458 879
1211 880
1259 881
7989 884
9761 885
1923 886
7363 887
7462 888
4201 893
3651 895
572 899
2684 900
9317 903
2648 908
469 910
9344 915
92 917
694 92
7792 694
4497 920
3519 923
7354 926
7694 934
2881 939
7926 941
9350 943
250 945
1985 947
1240 948
573 954
765 955
5049 957
8135 960
8375 966
3037 968
7895 969
6650 970
6752 974
1708 975
850 976
402 978
2279 979
9885 983
6070 988
1278 991
6705 992
1766 993
7721 996
7399 998
9557 1004
2218 1006
7269 1007
3262 1009
9911 1016
6501 1022
7539 1024
5612 1025
6751 1031
5875 1032
3203 1033
3675 1034
6639 1035
4604 1037
1809 1041
1366 1044
3992 1047
6056 1052
8015 1053
7095 1057
7763 1058
5216 1060
3848 1061
6394 1066
5100 1067
9918 1068
4023 1069
1804 1071
8035 1079
1744 1083
5554 1085
7591 1086
313 1087
2822 313
7204 1089
6575 1093
5675 1095
4742 1096
8538 1099
2425 1100
617 1107
1741 617
6099 1109
3607 1114
2696 1116
7907 1117
4972 1118
6687 1119
314 1120
9338 1124
134 1131
8077 1133
4553 1135
3981 1146
4470 1148
9652 1149
250 1150
4844 1153
1456 1154
8284 1156
6587 1160
3361 1165
5874 1168
6899 1169
2535 1170
9429 1171
9825 1172
8209 1173
4171 1177
8363 1178
633 1181
1139 633
103 1185
3083 1188
4745 1189
9150 1190
7341 1192
6069 1193
2188 1194
7655 1201
5406 1203
2321 1206
5731 1208
9959 1209
6302 1210
6552 1211
5962 1216
6551 1217
1395 1218
3769 1220
4835 1221
4334 1223
7130 1224
7060 1227
7584 1228
9664 1234
6489 1235
7409 1238
7872 1239
7011 1241
5771 1251
4856 1254
8149 1263
2225 1265
7938 1268
2893 1270
1374 1272
5278 1275
8961 1276
3561 1279
2932 1280
719 1282
5882 719
5014 1286
677 1288
8535 1292
1565 1294
6638 1296
5085 1302
9312 1304
407 1323
6271 1329
9997 1330
7536 1340
3331 1341
7580 1345
3551 1346
6171 1351
4988 1352
1422 1353
3181 1354
758 1359
6277 1363
7681 1371
2982 1374
4214 1379
6925 1380
4355 1381
5843 1385
2238 1389
4268 1390
8775 1391
2956 1393
6501 1394
3788 1395
3632 1397
5035 1399
1705 1403
6621 1404
6471 1405
7368 1406
3379 1408
2742 1410
7364 1411
7266 1414
2424 1418
4943 1423
816 1424
4946 816
9931 1425
8589 1426
4478 1427
7040 1431
4865 1432
2158 1435
22 1436
5430 22
9082 1440
728 1446
1273 1447
1319 1450
4995 1451
6399 1455
4274 1456
7847 1458
6538 1460
4257 1462
2881 1463
8242 1465
7230 1466
9352 1467
1961 1468
608 1469
8445 1471
9324 1472
4226 1475
7220 1478
4267 1479
5041 1481
2165 1488
549 1489
9982 549
6642 1492
7588 1497
4846 1498
8799 1499
3961 1501
6628 1504
7880 1506
4689 1509
4252 1514
5551 1519
6035 1521
650 1522
6176 1524
3882 1525
7187 1526
433 1528
3114 1529
1781 1530
4014 1532
8817 1534
3741 1537
973 1538
3613 973
3065 1539
5198 1546
832 1547
3683 1548
6591 1549
2996 1552
583 1553
6572 583
9637 1555
4522 1558
7769 1559
8435 1560
8483 1562
4396 1564
2667 1570
3171 1571
4999 1573
4569 1574
5557 1577
5648 1579
744 1580
5790 744
9187 1583
7528 1585
8904 1587
967 1589
1541 1590
4072 1541
1059 1591
2514 1592
7685 1593
475 1599
4063 1605
8516 1612
509 1613
7005 1615
1512 1616
1091 1618
3576 1622
7500 1626
5613 1629
7697 1631
2287 1633
4095 1634
2092 1636
1305 1637
3617 1638
3443 1640
5873 1644
9173 1645
9090 1646
6616 1649
4963 1650
4628 1651
4144 1652
218 1655
1946 218
2036 1658
4289 1663
3005 1664
901 1665
8325 901
3479 1671
1316 1684
6841 1685
3988 1686
8320 1691
4704 1693
1430 1695
1896 1430
8555 1699
7042 1701
9592 1704
841 1705
7488 841
8035 1706
2145 1707
7456 1709
1477 1710
4369 1712
2981 1713
6919 1714
985 1715
7943 1716
7898 1717
1480 1719
4512 1480
9844 1722
9867 1728
5152 1730
9200 1734
768 1737
3477 1739
2678 1743
8435 1746
6669 1747
3017 1757
6754 1758
1372 1761
4447 1372
5001 1762
6278 1780
7840 1784
4592 1786
3471 1787
1680 1788
8979 1790
5615 1796
5487 1797
6807 1798
6336 1800
8467 1801
77 1802
7320 1803
6409 1807
7975 1811
5151 1817
7272 1820
4170 1821
5017 1822
2424 1823
3369 1825
2136 1827
5900 1829
6046 1830
570 1834
2568 570
5415 1838
3676 1840
291 1841
6213 291
8676 1842
6568 1844
404 1845
9620 1846
38 1847
2083 1849
8598 1850
2005 1852
7570 1860
1756 1866
8340 1756
6036 1867
1833 1868
2011 1875
8797 1882
6159 1883
3513 1884
2420 1889
328 1891
4881 328
4843 1893
3696 1895
7017 1896
742 1897
6093 1901
3938 1902
9661 1904
1507 1905
3965 1507
6303 1907
4071 1910
2641 1912
9223 1915
4475 1918
2260 1923
5612 1928
2909 1931
7209 1932
7616 1935
478 1936
8964 1937
2307 1939
2866 1941
7148 1943
669 1944
8014 1945
3306 1949
4181 1950
433 1952
3633 1964
9062 1966
1628 1971
3680 1973
2430 1977
8721 1980
9773 1982
2719 1983
8382 1985
7631 1992
6684 1993
4684 1994
1702 1995
5676 1999
3906 2001
6176 2003
7935 2010
5870 2014
9084 2017
1495 2024
3485 2025
5914 2026
458 2028
2144 2030
5131 2033
7606 2034
2812 2040
9496 2041
911 2047
3345 2053
6280 2054
896 2056
8758 896
7907 2060
4575 2062
1187 2065
6628 2066
699 2068
257 2072
1361 257
8330 2075
3292 2077
2396 2078
6383 2080
8967 2082
2654 2084
8910 2086
3253 2093
8523 2098
4345 2100
4747 2103
8359 2105
6610 2107
5205 2108
502 2117
1740 2123
9162 2127
9666 2128
7587 2130
6424 2132
9362 2133
3867 2134
7319 2135
8119 2136
8125 2137
8246 2139
5657 2140
1104 2141
8944 1104
5913 2142
8816 2156
3625 2158
9205 2159
1212 2160
7 2162
4523 2165
3865 2170
8916 2171
7776 2172
8739 2182
9613 2183
2522 2185
7097 2189
6222 2191
4078 2192
3951 2196
7962 2198
3239 2200
9968 2201
1900 2203
6015 1900
9329 2207
2118 2218
9685 2221
7447 2225
243 2229
7930 2233
3103 2234
7698 2235
3226 2237
9015 2238
6514 2239
6850 2240
4571 2241
4077 2243
3209 2244
9094 2247
4293 2253
8476 2254
3221 2256
3031 2259
8088 2260
5742 2263
6479 2265
4310 2267
6172 2269
429 2270
8623 2271
5762 2272
396 2274
522 2275
1776 522
9724 2279
8992 2283
1461 2286
3522 1461
5586 2288
9390 2290
6624 2291
3283 2295
8967 2297
1991 2298
6148 1991
5817 2299
6561 2300
224 2301
5377 2302
2006 2306
4516 2311
204 2312
5226 2313
3898 2315
8292 2316
7320 2317
377 2318
8953 2319
3491 2322
7157 2330
3927 2331
9252 2333
3905 2345
800 2349
1028 2357
9980 1028
9791 2362
8840 2364
3502 2365
5376 2367
8229 2369
125 2370
5011 2371
7196 2373
2115 2374
1158 2375
9364 2381
5028 2382
7734 2384
1092 2387
3385 2388
8601 2390
1295 2391
8611 2392
8851 2393
5938 2396
2282 2397
9227 2398
1242 2399
5772 2404
2735 2405
5168 2406
1375 2408
6639 1375
2320 2409
8754 2320
6619 2412
2110 2413
7593 2414
6472 2416
3838 2420
2174 2423
6596 2424
8848 2425
9369 2433
5063 2435
6357 2437
5084 2440
6442 2442
4090 2445
2527 2446
9826 2451
9043 2453
173 2455
4788 173
7893 2459
6111 2461
7069 2462
3471 2465
3704 2466
9192 2467
6205 2469
8872 2472
567 2474
9196 2475
1191 2477
9320 1191
2166 2478
9652 2166
6913 2480
8637 2481
3489 2482
9086 2485
1584 2486
8688 2488
4806 2491
2998 2493
5045 2495
6241 2497
9439 2499
5486 2500
8767 2501
9265 2502
4528 2503
5291 2504
404 2507
8772 404
1401 2509
7473 2512
2242 2514
1457 2517
3016 2518
4799 2524
6680 2525
3582 2528
3994 2529
4222 2530
9254 2531
6159 2534
3873 2537
6166 2538
1147 2539
3714 2544
1603 2547
2730 1603
2401 2548
2760 2401
5728 2550
3797 2552
5352 2553
1518 2556
5635 1518
4118 2561
7134 2562
6514 2567
5760 2569
7538 2570
5286 2571
3513 2573
1362 2574
7527 2575
4969 2577
4377 2581
2325 2582
1648 2583
4311 1648
2670 2584
5869 2589
3564 2590
5180 2592
6093 2594
6081 2595
6326 2604
9806 2607
4035 2608
5408 2610
8559 2611
6794 2616
7487 2619
2355 2622
2145 2633
9004 2145
4341 2635
2614 2636
6138 2640
855 2641
8373 855
27 2643
6140 2644
8237 2648
7740 2650
18 2653
3205 18
2116 2654
2343 2657
4852 2343
2778 2659
1364 2660
7072 2663
2693 2666
6544 2671
3165 2674
8773 2675
9221 2676
2970 2678
9159 2683
4628 2684
7880 2686
2304 2688
8466 2690
235 2691
4448 235
7470 2694
927 2697
3413 2700
9959 2701
1781 2706
8138 2709
6337 2711
7920 2712
6374 2713
4076 2716
7938 2718
9579 2719
2543 2720
6632 2543
782 2721
5321 782
7995 2722
7854 2724
8013 2725
890 2726
7370 890
3138 2729
111 2735
339 111
8648 2736
1090 2739
4571 2740
952 2745
9556 2746
1157 2749
5399 1157
3377 2752
2083 2756
5164 2083
9687 2757
3864 2760
9653 2761
6023 2762
1783 2763
6026 2767
6450 2770
6072 2773
1956 2775
8992 2781
9055 2783
9090 2784
664 2785
3402 2787
3295 2788
5029 2790
4291 2791
664 2793
4518 2796
753 2801
7354 2804
3165 2806
1843 2807
1924 1843
4116 2817
1398 2818
3080 2822
5867 2824
1126 2829
5163 2835
1030 2843
812 2845
9026 812
682 2846
3186 2848
7160 2849
3059 2850
9635 2851
9584 2855
1367 2857
8626 2859
8638 2860
456 2862
5642 2863
8391 2865
3750 2866
670 2867
2682 670
4413 2868
5187 2871
3434 2876
1766 2881
4703 2882
1628 2885
42 1628
8819 42
9377 2886
3121 2887
4685 2888
502 2889
8283 502
5714 2897
1313 2898
3660 2903
2747 2904
4498 2905
820 2909
2157 2911
4132 2912
403 2915
3523 403
9110 2918
5392 2922
3978 2923
4751 2924
3783 2925
4079 2926
1772 2930
2816 2932
8491 2934
3310 2938
2601 2939
6609 2601
8012 2942
4229 2945
6650 2949
6830 2950
9957 2952
6122 2953
7866 2954
459 2957
4405 459
9931 2959
1771 2960
8064 1771
2677 2961
2621 2962
5235 2964
4834 2966
3104 2967
1989 2969
4708 2974
2213 2976
3733 2977
8686 2981
3315 2983
7515 2984
2764 2986
1438 2987
6682 2988
7607 2989
4747 2990
5634 2997
567 2999
9111 567
6214 3001
3568 3005
2292 3007
6171 2292
9689 3012
158 3013
6629 158
445 3014
88 3019
4751 88
4861 3021
2765 3022
7371 2765
95 3028
3950 95
475 3029
8436 3030
8657 3032
9039 3033
2168 3036
3694 2168
8706 3041
6034 3043
2810 3044
143 2810
2715 3047
6768 3050
1242 3051
4700 3052
7334 3054
352 3057
914 3061
7253 3064
8995 3074
3436 3077
6941 3078
9152 3080
64 3083
7386 64
9240 3086
1166 3087
8598 3088
8356 3089
8537 3091
8692 3092
8657 3093
5363 3094
3479 3096
7313 3097
753 3101
5646 753
7359 3104
9458 3106
1679 3109
168 3110
9601 3113
745 3114
3287 3121
7194 3122
5445 3123
620 3125
3897 3126
2710 3127
7872 3129
2891 3135
6145 3136
1164 3138
2043 3140
2560 3141
4901 3144
7634 3151
3725 3152
3498 3153
5989 3157
8613 3159
8542 3163
997 3165
327 997
2020 327
4661 3166
1080 3169
7666 3171
2019 3172
537 2019
5696 3177
8538 3179
6489 3187
6441 3188
1824 3189
34 3192
8237 3193
8795 3197
3930 3198
7298 3200
6666 3204
3173 3205
9794 3207
4182 3211
1567 3215
8705 3217
9082 3219
9200 3221
8781 3222
2580 3223
1540 3224
7394 3225
7473 3227
2536 3229
4072 2536
9492 3230
3548 3231
5151 3234
3509 3238
5567 3239
5688 3240
9205 3244
456 3246
8528 456
1997 3248
2280 3250
8562 2280
6585 3251
7426 3253
8843 3254
3882 3256
4092 3258
2015 3259
27 3264
4625 3265
3581 3270
8731 3271
3706 3274
9132 3275
7511 3276
2637 3279
7023 2637
1256 3281
109 3285
5910 109
5328 3289
5953 3292
9458 3298
6830 3301
5813 3303
5024 3304
8869 3306
1369 3308
1831 1369
7397 3309
9717 3312
4110 3314
2310 3320
6301 2310
7888 3324
1152 3325
6534 1152
8331 3327
3167 3332
6560 3167
2955 3334
3099 3335
5290 3348
6660 3350
2231 3351
9153 3353
5649 3359
5605 3362
6760 3365
2109 3374
1515 3379
2087 3383
4413 3384
972 3385
8917 972
226 3386
2347 3389
7785 3391
7946 3392
4177 3397
1533 3399
7663 3400
4639 3401
3842 3403
3963 3407
2526 3416
4994 3417
6849 3420
856 3421
4512 3423
3408 3427
3810 3408
3962 3428
5050 3430
6821 3433
6192 3434
554 3435
8821 3437
8149 3440
7313 3441
930 3449
9663 3450
9400 3452
1694 3455
634 1694
4668 3456
1919 3457
2980 3459
8804 3460
9865 3461
3508 3463
337 3465
3879 3466
8146 3471
4178 3473
7841 3474
671 3475
5523 3476
4689 3477
7878 3478
34 3479
4449 3480
1687 3482
3996 3485
5850 3487
4860 3492
6539 3495
6403 3497
3680 3499
1039 3500
3715 3503
961 3511
701 3513
9466 701
2655 3514
1334 3516
4133 1334
925 3520
665 925
2937 3522
7141 2937
4173 3523
9625 3525
1019 3527
8670 3529
3802 3531
5212 3532
9341 3534
5677 3535
6252 3542
3570 3545
5710 3549
700 3550
5257 3551
6057 3552
6549 3553
6468 3555
8948 3556
2951 3558
147 3559
9986 3563
3018 3564
7460 3018
7039 3565
2483 3566
114 2483
8372 114
6616 3567
1038 3569
5389 3570
5904 3571
4531 3572
5913 3578
5528 3579
5549 3589
4582 3592
5681 3594
7112 3596
274 3600
1357 3602
3364 1357
3844 3604
3419 3606
4063 3614
5452 3617
5827 3618
6964 3619
1919 3620
1126 3623
9914 1126
8417 3624
1112 3625
2931 1112
5876 3630
8150 3631
1766 3633
2341 3634
2873 3635
4733 2873
9731 3637
4613 3640
636 3644
4261 636
525 3645
2515 3646
6161 3649
1459 3651
8195 1459
3273 3653
1732 3654
5904 3656
6636 3659
1927 3661
9322 1927
698 3662
7378 698
5148 3663
4013 3665
5648 3668
6274 3669
3927 3671
4065 3677
3737 3679
3209 3683
9940 3684
8238 3685
1326 3686
2281 3689
7462 3690
6058 3691
2011 3694
8427 2011
3045 3695
2623 3698
5303 3701
5559 3702
8783 3703
6761 3704
106 3708
2055 3709
8493 3711
6009 3712
8690 3714
6771 3715
1682 3716
5740 3718
4149 3719
3181 3720
9752 3721
9796 3724
5806 3725
30 3728
3860 30
5894 3730
9591 3732
152 3733
4131 152
916 3735
8784 916
7945 3741
3326 3743
7146 3747
6371 3748
6370 3751
9768 3753
1673 3754
1929 1673
4902 3755
4786 3757
8386 3758
6957 3759
9630 3764
746 3765
1998 3766
6400 3771
2427 3774
4089 2427
548 3776
1959 3778
193 3781
6696 3782
7765 3785
6574 3787
6907 3789
3658 3791
6164 3795
7058 3796
4141 3798
3432 3799
2193 3800
8437 2193
6757 3801
5690 3802
1159 3803
9478 3806
5457 3812
9183 3818
7758 3821
359 3824
3968 3825
6143 3827
3667 3828
3597 3829
6888 3597
2016 3836
9997 2016
5666 3839
6105 3841
6896 3849
7625 3851
2649 3853
3591 3855
1741 3591
9222 3856
498 3861
1750 498
1738 3863
3907 3867
5890 3869
5169 3871
6100 3872
678 3883
8277 3884
1789 3886
1836 1789
4106 3887
3598 3892
1019 3598
1864 3894
308 1864
1338 308
8006 1338
326 3896
4935 326
1246 3897
2341 3899
1283 3900
3263 3901
4797 3263
8178 3903
7239 3907
7445 3908
8121 3912
8979 3913
6667 3914
8618 3916
729 3919
8404 3920
8876 3923
2970 3926
9924 3930
4975 3932
3648 3936
4552 3648
3116 3940
1835 3942
8657 3943
3065 3944
2853 3065
520 3947
3372 520
543 3372
8526 543
49 3949
5477 3951
6123 3953
2389 3954
3111 2389
9385 3111
7186 3956
7640 3958
6624 3961
982 3963
5760 3965
1954 3967
7648 1954
729 3970
2682 729
2403 3972
9605 3975
2004 3976
2326 2004
931 2326
5651 3986
6877 3990
4046 3991
3837 3993
5534 3994
3462 3995
6690 3462
6053 4002
3185 4003
3584 4004
930 3584
3233 930
9060 4008
3404 4010
1974 4011
8522 1974
9141 4012
5511 4015
6161 4016
2116 4019
6492 4022
1921 4023
4069 1921
4140 4024
2649 4027
3103 4030
2894 3103
8605 4031
5106 4032
5220 4036
9536 4038
7108 4039
8448 4040
9933 4041
944 4051
3981 4054
3395 4055
3985 3395
6386 3985
2931 4056
7568 2931
3667 4057
6164 3667
2979 4062
7071 4063
8137 4064
1500 4065
2563 1500
3647 2563
7661 4066
4678 4069
6490 4072
5933 4073
8746 4078
6981 4082
4933 4089
1848 4092
9875 4095
3538 4096
6953 3538
5094 4101
3073 4103
4060 4109
3541 4115
9357 4117
5004 4118
3874 4119
2751 4120
8988 4125
6611 4126
5682 4128
2908 4130
277 4133
8197 4134
5886 4139
3699 4140
2685 4141
7386 4143
6261 4144
6331 4145
1398 4148
938 1398
9172 4149
7330 4150
9684 4152
6153 4155
8614 4157
1531 4158
6027 4162
2151 4166
4836 2151
7472 4168
1575 4171
5247 1575
7364 4174
932 4178
250 932
7589 250
34 4179
5590 4181
4199 4185
5715 4187
8497 4188
4476 4189
263 4191
734 263
4526 4192
2947 4201
4471 4203
787 4205
5629 787
5868 4206
1724 4207
4801 1724
9549 4210
7759 4211
953 4212
8163 4214
5642 4215
3331 4217
6665 3331
477 4219
802 477
8240 802
5723 4220
4517 4221
9171 4223
2325 4224
2106 2325
5556 2106
4266 4228
6304 4234
1271 4237
9114 1271
7131 4239
7885 4240
9847 4242
1657 4243
832 1657
4318 4245
2443 4246
6460 4247
6537 4250
518 4251
1260 4252
2438 4253
8277 4256
8564 4257
600 4260
270 600
1894 4261
3616 4266
746 4270
2695 746
8207 4271
2820 4275
7212 4276
3729 4287
1496 3729
5669 4291
9285 4298
2113 4300
1972 4303
6907 1972
1226 4305
9103 4307
4791 4310
7425 4316
759 4320
5622 759
1742 4322
3201 4323
8434 3201
4630 4326
70 4327
6045 70
7067 4331
8346 4334
4609 4338
4018 4343
4967 4018
6502 4350
7634 4352
2064 4353
5549 4354
5840 4357
1236 4359
9112 1236
9569 4361
2731 4362
4780 2731
8853 4369
4844 4372
6751 4373
5759 4381
2421 4382
2205 4383
6901 4387
9845 4392
2963 4393
2523 2963
7938 4394
2515 4397
7308 4398
2568 4402
2585 4403
3352 4405
9634 4407
7282 4408
7960 4411
4 4418
2249 4419
4462 4420
7637 4424
4312 4425
6362 4312
9828 4427
5547 4429
5473 4430
5748 4433
4630 4434
6604 4435
952 4437
5825 952
9706 4438
3062 4440
8245 3062
1911 4445
9963 4446
8090 4447
4873 4448
8837 4450
6027 4452
3740 4457
6144 3740
4946 4458
6324 4459
9495 4460
4580 4462
9957 4463
7455 4466
935 4467
8557 935
8268 4468
4923 4469
2869 4470
981 4471
4750 4474
4767 4475
2805 4477
6850 2805
5748 4478
9408 4485
7801 4487
1572 4490
9113 1572
7215 4491
9817 4495
1023 4496
7177 4499
4258 4500
2248 4501
6013 4502
6636 4503
5987 4505
8508 4506
1582 4508
8662 1582
8002 4510
2513 4511
8618 2513
1808 4512
3447 1808
7175 3447
6427 4514
8369 4515
6395 4517
7407 4519
9470 4520
7513 4522
211 4526
6319 211
3261 4527
9618 4528
472 4534
1184 472
5083 1184
7686 4535
7352 4536
6105 4537
1214 4539
1609 4540
4704 4543
7226 4546
4597 4550
690 4551
2085 4553
6178 2085
5703 4555
86 4556
8690 4557
4321 4558
8246 4321
8488 4566
7847 4567
4672 4570
6856 4572
4241 4574
2079 4241
6325 4576
1753 4581
2289 4582
8996 2289
1365 4583
8259 1365
9467 4587
2549 4589
3341 4591
3504 4594
6252 3504
5797 4597
4717 4598
4213 4599
501 4602
1942 4603
8809 1942
7542 4604
378 4607
4986 378
3245 4608
463 4610
27 463
3917 27
8708 3917
8514 4613
1763 4614
3380 4615
1721 3380
6003 4617
1810 4618
8045 4620
4107 4621
4098 4625
7040 4627
1824 4628
2356 1824
2858 4630
724 4633
5696 4636
6361 4637
6975 4640
1493 4641
1077 1493
1187 1077
8345 1187
9370 4643
9995 4649
5886 4651
9747 4652
1332 4654
9130 4656
6562 4657
7710 4659
3046 4660
1621 3046
6223 4662
4808 4663
5000 4665
7943 4667
7162 4673
3161 4675
2340 4676
7621 2340
7259 4677
5731 4681
9444 4682
5966 4686
4941 4687
167 4688
1662 167
1301 4689
7141 1301
9506 4695
8730 4698
4680 4702
7850 4703
4451 4707
1026 4711
87 4714
4198 4718
2358 4198
9217 2358
7111 4720
67 4721
8614 4722
8731 4724
2642 4725
9774 4727
83 4733
6936 83
3287 4734
3243 3287
9275 4739
907 4745
501 907
1358 501
350 1358
2819 350
6298 4749
6868 4755
4480 4757
3950 4760
4009 4761
337 4009
2679 337
5040 2679
4538 4762
7130 4763
6065 4765
4624 4766
7679 4624
8422 4769
192 4770
4789 4772
4841 4774
5158 4776
3519 4777
3834 3519
4931 4778
3601 4780
769 3601
8217 769
3196 4785
6396 4789
5476 4793
3696 4798
7753 4803
5825 4804
6514 4806
402 4809
9045 4811
7345 4815
4351 4816
3053 4351
4033 4819
3382 4820
8092 3382
8570 4821
6863 4822
4156 4825
9546 4156
4541 4826
8930 4541
9737 4840
5681 4841
122 4842
4894 4843
5551 4844
3955 4849
6176 4851
9152 4852
4723 4853
745 4854
8699 745
7470 4856
6220 4857
2394 4860
5222 2394
8396 4861
5260 4864
1975 4865
7440 4866
8956 4867
6326 4868
6844 4870
9341 4873
6059 4875
1287 4876
4262 4877
2921 4262
1795 2921
3807 4883
3813 4884
724 4885
9896 724
9493 4887
7197 4889
1141 4893
5043 4894
1151 4895
7317 4896
546 4897
5873 4899
8061 4900
9244 4905
9695 4909
632 4911
7990 4912
4916 4913
9027 4916
9601 4918
3243 4920
2819 4926
4908 4936
5920 4937
9662 4938
4248 4939
1978 4940
949 4944
4862 949
4898 4946
9095 4954
5020 4957
5062 4958
6170 4960
4915 4961
4554 4963
3366 4964
6056 3366
5948 4966
4516 4967
9724 4516
6494 4968
6740 4969
4136 4970
2089 4973
6434 2089
4767 4974
6430 4767
7702 4976
145 4977
6030 145
944 4980
9315 944
7290 4981
6863 4982
8977 4990
7889 4991
8840 4992
6277 4993
2750 4996
89 4998
5371 89
7770 4999
1502 5003
7892 5005
9036 5006
6055 5007
1257 5008
1443 5010
8354 5012
5772 5013
1166 5021
1199 1166
2511 1199
1653 2511
3288 5023
8945 3288
2771 5024
9717 5027
2998 5028
9268 2998
2099 5030
3941 5031
8582 3941
9388 5035
7155 5038
3910 5041
3628 5042
5994 5044
186 5046
6378 5049
2434 5050
1908 2434
499 1908
3935 499
9799 5052
5886 5053
6341 5055
1055 5056
7329 5057
4694 5059
3178 5060
4846 5062
2245 5063
5689 2245
6499 5070
5532 5076
985 5079
5621 985
1600 5081
3982 1600
4888 3982
50 5084
4274 50
3470 4274
5789 3470
1428 5088
3731 1428
9417 5089
3773 5094
269 5096
2146 5097
2558 2146
8528 2558
8996 5100
2844 5101
8327 5102
4881 5103
9184 4881
5733 5104
2209 5105
229 5106
5263 229
7055 5112
8825 5118
7303 5119
9905 5121
4356 5123
4639 5124
1877 4639
2308 5125
8620 5130
6765 5132
8709 5135
9245 5137
6586 5140
4498 5141
672 5148
316 672
266 5149
4444 5150
584 5151
8763 5152
7001 5153
9112 5155
7758 5159
9844 5160
3790 5161
2638 5163
5379 2638
5874 5164
4847 5169
1959 5170
7488 5171
8253 5172
784 5174
4790 784
4509 4790
1491 4509
9428 5175
6385 5176
150 5177
4399 5178
3149 4399
5211 5182
3643 5183
6086 5184
6060 5185
4314 5186
2754 4314
6325 2754
5109 5191
3337 5196
5087 5199
8461 5087
8800 5200
9196 5201
8304 5208
8941 5209
1833 5210
34 1833
1167 5212
6679 5214
8345 5217
8654 5219
1283 5221
5480 1283
9796 5222
5791 5224
3322 5225
9223 5226
2176 5227
3472 5229
3622 3472
1676 5230
8682 1676
3616 5231
7762 5234
4741 5236
7930 5238
515 5242
7417 515
9390 5243
203 5244
8855 5246
7851 5249
5355 5250
8050 5251
2506 5252
647 5260
9882 5261
2540 5262
1813 5263
2913 5268
7236 2913
6819 5269
547 5271
2715 547
6614 2715
6338 5272
6036 5273
2188 5275
8513 5283
5859 5286
2161 5287
6540 5288
892 5292
5777 5294
4301 5295
1984 5296
3706 5297
1167 3706
9400 1167
3095 5301
7722 3095
4606 5302
7297 4606
3076 5304
2655 3076
9803 5305
3722 5307
8889 5310
2342 5312
1887 5313
8153 5316
5929 5317
8705 5319
8699 5321
4995 5323
1670 4995
1388 1670
1030 1388
3857 5324
6252 5325
3241 5328
6018 3241
2792 5330
4132 5332
1794 5337
3444 5338
2468 5340
1851 5342
4611 1851
8219 5343
1297 5345
2332 5346
2825 2332
8594 5349
5407 5350
1831 5354
8396 5359
5480 5360
7071 5365
7089 5367
7366 5368
5223 5370
3017 5371
2422 3017
274 5373
4363 5376
4091 5379
1661 5380
5392 5382
7948 5383
7913 5384
4984 5386
317 4984
704 5387
5468 5389
2110 5391
4147 2110
7935 4147
312 5392
5109 5393
6153 5394
1608 5395
7440 5396
5329 5405
6553 5329
9198 5406
7160 5408
1300 5414
1030 1300
4230 1030
8388 4230
8395 5417
5805 5419
7756 5421
817 5422
6078 5424
2118 5425
1259 5426
4090 1259
3862 5429
9206 5430
2002 5431
5197 5438
5874 5439
9057 5442
664 5448
7983 5449
9556 5450
8598 5452
4646 5453
4664 5454
1103 4664
2606 1103
2104 2606
6431 2104
9158 5455
7653 5456
9942 5460
458 5461
8682 5464
524 5467
5197 524
3429 5469
2680 3429
9305 2680
597 5470
5109 5472
1422 5109
1855 1422
9198 1855
1635 5474
7413 1635
7552 5475
6832 5476
3286 5478
6608 5480
3847 5481
7621 5484
6163 5485
8797 5486
2266 5487
827 5488
9899 827
4871 5490
9282 5491
2681 5494
381 5495
3286 381
2623 5497
838 5499
1968 5500
9498 5501
2386 5503
1748 5507
2177 5510
1690 2177
2344 5513
7285 5514
3112 5517
550 3112
6482 5518
1098 5520
7962 5521
4033 5522
4281 5524
7600 5526
6993 5529
8128 5530
5220 5532
3155 5535
6924 3155
3837 5537
333 5538
6822 5546
8708 5548
9614 5549
5854 5551
9088 5553
9252 5554
4828 5558
6277 4828
7571 5561
4325 5562
8662 4325
9318 5564
2853 5565
352 5566
1661 352
137 1661
9815 5567
2210 5571
2971 2210
7264 2971
6524 5574
3355 5576
1545 5577
4123 5579
347 5580
9672 5581
9342 5582
9854 5583
6595 5584
9530 5586
186 5591
9768 186
8237 5592
6152 5593
5621 5597
3676 5599
5403 5602
6801 5603
6304 5604
2973 5607
1125 2973
1318 5608
8642 1318
3978 5612
1669 3978
6654 1669
466 5614
7835 466
5215 5615
3436 5215
5098 5618
1738 5098
6791 5619
2994 5620
2212 5621
3489 2212
2665 5626
7905 2665
3342 5627
5611 5631
7435 5635
3528 5636
5378 3528
5671 5378
6031 5639
7351 5640
5699 5641
7785 5644
4151 5647
8354 4151
757 5652
1627 5654
9671 5655
9398 5657
1956 5659
1339 1956
2403 5660
2422 2403
5525 5664
7617 5525
2209 5665
6975 2209
9355 5666
5351 5667
9968 5669
1566 5670
8840 5673
8985 5674
9471 5675
8533 5677
4595 5678
3257 4595
8412 5681
6325 5684
5279 5686
4442 5279
3675 4442
977 5687
2226 977
4177 5688
9331 5689
9334 5691
2155 5692
9001 2155
5083 5697
4111 5083
6692 5698
7485 5703
2884 5704
8568 2884
1454 5706
1444 5708
5542 1444
808 5709
3147 5710
1862 5711
8725 1862
8338 5712
846 5713
4547 846
6870 5716
1792 5718
7803 1792
5282 5720
8116 5282
3082 5722
6075 3082
8142 5726
410 5727
4653 410
8670 4653
6092 5729
338 5732
825 338
1445 825
1773 5733
1287 1773
4488 1287
5609 5739
4170 5609
3055 4170
7062 5740
1965 5746
4949 5747
7869 4949
5111 5753
6810 5111
2946 5754
3448 5757
4007 5760
3844 4007
318 5761
2150 5762
1647 2150
1951 1647
6618 5763
1080 5765
4377 5771
4759 4377
7841 4759
5381 5776
9781 5381
3933 5778
5719 5779
605 5781
5377 605
3843 5783
8243 5786
9864 5790
9451 5792
8764 5794
9270 5797
6513 5800
728 5802
4218 728
733 5803
5839 5804
7379 5807
3678 5808
5638 5811
7737 5638
3874 5814
2307 3874
6239 5817
1872 5818
609 1872
2856 609
2951 2856
4986 5819
3966 4986
791 5820
6718 5821
3746 5822
1075 5823
8788 5824
702 5825
2803 5826
2630 5832
8944 2630
9018 5833
2081 5835
7707 2081
8288 5836
8593 5840
4787 5841
8857 4787
9325 5842
6977 5844
2588 5848
9355 5851
2614 5853
6676 2614
3228 5854
1273 3228
2914 5855
5099 2914
1881 5857
5769 5858
4401 5860
3218 4401
6087 3218
1543 5861
9936 1543
9832 5864
2618 5866
5075 5867
6886 5075
5420 5868
7705 5869
2181 5870
790 2181
6137 5871
6240 5872
9077 5875
4729 5876
1026 4729
4285 5877
405 5879
8002 405
6872 5880
6111 5883
6967 5890
3548 5891
5690 3548
8239 5690
2813 5894
7140 5895
6472 5900
4934 5907
1540 5909
9689 5911
1020 5913
9435 1020
5976 5914
851 5917
2052 851
1051 2052
4088 1051
3823 4088
5107 5919
6269 5920
964 5922
1243 964
2508 1243
40 5925
2323 5927
3533 2323
677 3533
9079 5929
7886 5930
7548 5931
1542 5932
1204 1542
7447 5933
7231 5934
5795 5935
6612 5937
4371 5938
2266 4371
1545 5939
2262 5941
8306 5945
2564 5947
1696 2564
634 5950
3414 5951
99 3414
8036 5952
7502 5956
274 5958
3142 5961
3770 3142
1237 3770
736 5962
2629 736
7629 2629
3058 5963
6161 3058
8305 5965
8488 5967
398 5968
2204 398
29 5969
1601 5973
9651 1601
3612 5974
7395 5975
6262 5976
7982 5977
6012 5980
7806 5982
6595 5983
4318 5984
6721 5985
8291 5987
1303 5988
134 5991
4741 134
9338 5992
3987 5993
5014 5995
2479 5014
4108 2479
2603 5998
9566 5999
6736 6001
231 6004
2623 6006
9248 6009
8535 6010
7462 6015
9645 6021
738 6024
7491 738
7598 6025
6740 6027
1102 6028
1344 6029
9353 1344
5435 6030
7356 6031
3510 6034
8381 3510
8025 6035
230 6039
3023 6040
9327 6042
6716 6044
7764 6047
5016 6048
702 5016
9129 6049
3846 6052
1162 3846
1731 1162
3411 6054
4249 3411
8313 6056
2385 6058
9849 2385
6847 6059
9846 6060
5845 6061
3937 5845
3688 3937
3442 3688
7028 3442
1141 6070
4786 1141
6381 4786
2927 6072
8493 6074
9890 6075
1308 6077
2869 1308
120 2869
4330 120
8547 6081
6835 6086
8445 6087
3562 6089
3888 6090
7574 6092
7407 6096
1401 6097
5656 1401
7169 5656
5650 6099
3969 6101
9553 6105
5498 6106
7167 5498
9398 6107
1342 6110
7455 6115
9438 6117
1136 6118
4483 1136
578 4483
2273 578
863 6119
3505 863
765 3505
7104 765
4812 6122
9985 6123
3575 6124
5493 3575
8531 6127
409 6130
3938 6132
8444 6133
649 6135
1511 649
2202 6136
2049 6137
3518 6138
9370 6139
4050 6143
7486 4050
8922 6144
5899 6145
1005 6147
4671 1005
3593 4671
8459 6148
4108 6151
1080 6152
2941 6153
1038 2941
3352 6158
155 3352
4542 6163
468 4542
3611 6164
5705 3611
452 5705
7185 6167
1197 6168
5334 1197
3946 5334
1486 6170
3777 1486
946 6171
2996 946
5978 6174
2994 6175
6514 6176
5347 6177
3396 6178
351 3396
620 6181
5646 6183
1355 5646
1642 6185
9238 6186
6166 6187
5750 6190
317 5750
5458 317
3139 5458
20 3139
1965 6193
7680 6196
487 6197
5575 6199
9736 5575
938 6201
2759 6202
7284 6203
6271 6208
3056 6211
8770 6212
6399 6215
4001 6219
8117 6220
8728 6221
3347 6222
982 6223
4074 982
6742 6228
7685 6231
1045 6232
8739 1045
9039 6234
2687 6236
4329 2687
1556 6238
4788 6239
4645 6244
7014 6246
7926 6247
1017 6248
8978 1017
1957 6250
1503 6252
904 6253
8044 904
8793 6254
14 6261
5327 6262
1415 6265
3070 1415
448 3070
7814 448
7070 6266
8565 6269
6541 6270
416 6272
5898 416
6967 6274
3509 6279
3582 3509
4363 3582
2248 4363
8973 2248
7049 6284
6576 6287
528 6288
8188 6289
7572 6291
3893 6292
6113 6293
8588 6113
2870 6294
4421 2870
6443 6296
125 6300
2464 6303
5235 2464
139 5235
7791 6304
6649 6306
3208 6308
4590 3208
814 4590
6629 6312
3154 6313
3707 6314
7045 6315
9052 6316
7025 6322
6905 6323
8985 6325
1387 6326
5504 6327
7957 6332
4788 6333
8431 6335
4837 6338
2975 4837
2355 6339
8729 2355
5440 6340
7294 6341
7951 6343
9860 6345
3736 6346
8075 3736
2324 6347
5322 2324
8213 6349
6466 6351
8323 6352
1420 6353
1055 1420
9136 6355
8049 6356
561 6359
9194 561
1445 6360
5964 1445
6218 5964
4701 6218
4948 6361
7605 4948
6557 6363
9257 6367
8744 6369
4987 6370
4093 6371
1718 6373
3693 1718
2821 3693
7157 6374
987 6375
771 987
3369 6378
1074 3369
8846 6381
2044 6382
2748 2044
7058 2748
8509 6383
1070 6384
4830 6385
5915 6386
6557 6387
2878 6389
6475 6396
5751 6397
674 6398
8790 6399
8320 6400
5374 6401
3738 5374
5924 3738
1930 6402
2994 6406
1019 2994
3269 1019
3438 3269
2737 6407
3313 6409
6258 6414
6245 6258
4299 6245
7029 4299
9613 6416
1725 6417
2226 6418
1656 2226
4472 6419
9283 4472
6516 6421
5541 6424
4112 6427
2431 4112
8449 2431
3341 6428
5257 3341
4199 5257
366 4199
4047 6429
2519 6432
2092 6433
4136 2092
4794 6434
373 6436
3481 373
5813 3481
3641 5813
6918 6438
4901 6440
6954 6441
3175 6442
1145 6448
7604 6449
6555 6450
7110 6451
5680 6456
8780 6457
5117 6458
151 5117
4415 151
7985 6460
2043 6461
8526 2043
6767 6463
492 6464
8219 492
8375 6466
1042 6467
8584 1042
2421 6468
9912 2421
675 6470
2908 6471
4706 6472
1048 4706
6388 6475
6870 6476
1040 6480
3305 6481
8122 6483
4345 6484
2832 4345
9266 2832
8301 6485
9386 6486
2727 6487
3980 6490
4518 6494
4196 4518
4131 6495
8932 4131
2180 6496
6173 6500
3809 6502
5298 6504
3016 5298
2027 3016
3672 2027
4058 3672
6963 6508
6093 6509
3969 6511
3989 6512
5352 3989
5026 6513
5036 6517
1740 6518
8247 1740
2428 6519
1396 2428
6368 6520
6772 6368
4227 6524
1986 6526
5072 6527
9965 5072
4712 6529
5404 4712
834 6530
5259 834
9534 5259
9765 6531
3790 6532
2058 3790
3573 2058
9087 6534
5074 6536
5600 5074
2759 5600
5483 2759
8914 6538
5203 6543
9451 5203
2902 6544
554 2902
829 554
4290 829
2293 6545
9075 6546
6717 6547
41 6549
5443 41
9840 6550
619 6552
7428 619
1264 6553
6935 1264
8491 6554
6667 6555
7768 6560
3750 6561
6200 3750
7532 6200
7539 6565
4609 6567
1105 4609
2978 6573
9682 2978
3056 6575
5736 6577
1516 6578
1969 1516
938 1969
7319 938
1222 6579
1491 6580
8147 1491
5511 6581
136 5511
7221 6582
2227 6583
176 2227
9015 176
8419 6585
7146 6586
2794 6587
9682 2794
4081 6589
1285 6590
6348 6591
1848 6592
1386 1848
8899 1386
9380 6593
5276 6594
3507 5276
6836 6595
8253 6596
9541 6597
6243 6600
340 6243
7408 6601
4563 6603
1277 4563
4726 6604
5784 4726
2768 6605
2872 6607
1295 2872
9255 6611
6445 6612
9873 6445
5782 6613
5459 6615
8291 5459
2927 6619
8253 6620
4324 6621
7007 4324
5889 6623
671 6624
8855 6625
3626 6626
5921 3626
4586 6627
5253 6628
9428 6630
1421 6633
3506 6635
5320 3506
7663 5320
3845 6638
2727 3845
8577 6642
1474 6644
7453 6645
4360 6648
593 4360
6676 593
2006 6649
9847 6651
3120 6652
1879 3120
5628 6655
4931 5628
6521 4931
8554 6656
9535 6658
845 6659
1913 6661
1775 6662
7867 1775
767 6664
5400 6666
3788 6668
5352 6671
652 6675
9567 652
3124 6676
509 3124
4886 6679
7138 4886
706 6682
3964 6683
5714 3964
2179 5714
1416 2179
73 1416
2771 6684
4444 2771
2079 4444
2617 6685
3915 6686
309 3915
4596 309
8845 4596
3181 6688
9501 6689
4731 6690
4025 6691
1413 6692
6505 6693
1892 6696
8531 6697
8256 6701
5679 6703
3882 5679
8908 6704
5245 6708
3357 5245
9416 6711
6482 6713
494 6714
6473 6716
445 6720
6207 445
8651 6207
8213 6723
2632 6724
1421 2632
2656 1421
1062 6729
389 6730
6570 389
1370 6570
1336 1370
1767 1336
902 6734
837 6737
6497 6738
4927 6739
2249 6740
3002 2249
6818 6742
780 6743
1257 6745
8848 1257
1013 6746
6516 1013
444 6516
4370 6747
2284 4370
6925 2284
1215 6753
8756 1215
7369 6757
7422 6758
7407 6759
1933 6762
6405 6763
5179 6764
4588 6766
7466 4588
1920 6767
7510 6768
5187 6774
3255 5187
9276 6777
6088 6781
4091 6088
2124 4091
7366 6783
2692 6787
1477 6789
4183 6790
9823 4183
9086 6791
9382 6792
7187 6793
5601 6796
9825 5601
7908 6797
4236 6800
6749 4236
9123 6801
2992 6802
470 2992
2896 6803
6750 2896
2402 6750
9300 6805
8280 6810
3342 6811
3117 3342
199 6815
7203 199
4655 6816
9806 4655
6478 6817
742 6478
248 6818
4953 248
8108 6820
9291 6821
6430 6832
8642 6430
9113 6837
5515 6842
4376 6843
2652 4376
1115 6845
4200 6846
559 4200
1703 6848
7301 1703
6033 6850
4694 6033
4122 4694
5280 6855
7795 6856
2875 6858
931 2875
2426 6859
2568 6861
4047 2568
2625 6863
9770 2625
8701 6864
8782 6865
2599 6867
5795 2599
9029 6868
7552 6870
254 6877
8320 6879
3981 6880
5247 6881
3784 6884
5847 3784
9622 6886
6435 6887
6961 6435
3822 6888
3346 6889
8663 6890
7474 6891
9378 6892
9708 6895
7947 6897
1010 6898
3854 1010
821 6900
1940 821
6280 1940
9741 6280
2339 6901
5256 6902
9510 6904
7391 6906
4037 6907
2109 6908
3185 6910
9417 3185
6012 6911
9790 6012
7736 6912
6344 6913
5037 6914
1520 5037
2190 1520
4658 2190
4306 6915
5502 6916
4831 6918
7651 4831
4165 6919
2304 4165
3381 6920
224 3381
6602 224
4390 6602
430 6922
3775 6925
6329 3775
6709 6329
3515 6927
5019 3515
8316 5019
3024 6928
2410 3024
2352 2410
1484 2352
5594 6929
1768 6930
3847 1768
1736 3847
5856 1736
190 5856
6772 190
3727 6772
2379 3727
1429 2379
8032 1429
7881 6931
6260 6935
5683 6260
8397 6936
4915 6939
5415 6941
4972 5415
7869 4972
9804 6942
5401 6944
1643 6946
2484 1643
8461 2484
5157 6948
7503 6949
6776 6951
4532 6953
6264 6954
5479 6955
6016 5479
1857 6016
3599 1857
6214 6958
9944 6959
9454 6962
6404 6963
6715 6404
3180 6964
5134 6968
8144 5134
7563 6970
9366 6972
755 6974
3245 6975
4114 3245
2021 6976
5011 2021
9086 5011
9889 6979
4814 6982
838 4814
1531 838
3650 6984
9299 3650
6687 6985
7504 6987
2426 6988
1219 6989
3767 6992
7905 3767
3586 6994
1975 3586
1503 6995
9799 1503
1919 6997
956 7000
2554 7002
8633 2554
487 7003
7688 487
3128 7004
8049 3128
3405 7007
3882 3405
7646 3882
7519 7009
5903 7010
2656 5903
2956 2656
5791 2956
3822 5791
3793 3822
3674 3793
3823 7014
9443 3823
360 7017
1326 360
8221 7021
7930 7022
5092 7024
6125 5092
7867 6125
3418 7033
7627 3418
7666 7034
5336 7035
4934 5336
219 4934
3969 219
1772 7037
4258 7038
3448 7040
9820 7041
7663 7042
7330 7043
3817 7045
5181 3817
9584 7046
6473 7047
4488 7049
1726 7051
6646 1726
4632 6646
5399 7053
468 7054
427 7056
2111 427
1793 2111
8647 7057
6392 7058
3236 7059
4771 7060
4259 7061
6653 7062
8749 6653
8276 7063
1989 7065
3682 1989
4846 7070
2309 7073
1805 2309
9104 1805
5756 7074
1624 7075
3118 1624
9437 3118
5441 7077
4650 7081
5372 7082
8265 5372
9137 7084
7098 7086
4910 7087
3768 4910
8848 3768
1729 7088
4194 7093
958 4194
3521 958
2840 7095
7350 7096
3108 7097
3962 3108
7960 7098
9760 7099
2710 7102
6235 2710
8100 7103
2743 7107
1080 7110
6760 1080
4547 6760
6535 4547
2516 7114
2523 2516
9652 7116
8304 7118
4315 7122
4301 7123
3676 4301
2579 7124
9789 2579
7125 7126
3840 7131
9909 7134
5972 7135
5568 5972
4102 5568
3282 7136
5440 7137
3294 5440
6983 7138
8547 7139
3607 7140
4942 7141
4658 4942
6317 4658
7528 7142
2758 7145
5411 2758
8607 5411
9517 7146
9958 7148
5142 7151
8384 7152
8832 7153
1145 7154
3040 1145
3146 3040
5446 3146
3067 7155
2076 3067
1586 7157
191 1586
5915 7159
1494 7160
6162 7161
7834 6162
1948 7162
5795 1948
3273 5795
5241 3273
2777 7163
8171 7165
8847 7166
4070 7167
2828 7168
1515 2828
1597 7170
5585 7171
6926 7173
204 6926
1454 204
3235 7174
1697 3235
6189 1697
8418 6189
2841 7175
9228 7176
1563 7177
4638 7180
2294 7182
3638 2294
6224 7188
8836 7189
5904 7190
7717 7195
1350 7196
3737 1350
9664 7198
7144 7199
3361 7201
1256 3361
6273 1256
1531 7202
6455 7203
342 6455
710 7204
7969 710
8291 7206
2647 7207
1246 7208
4846 1246
4100 7210
832 7211
6542 832
6640 6542
9249 6640
5734 7212
2220 7213
811 2220
372 811
865 372
800 7216
2947 800
9701 2947
3055 7217
7015 7218
1050 7015
3143 7220
3031 3143
4545 3031
6503 7221
4286 7223
817 4286
4385 7224
7092 7225
7511 7092
5095 7227
1413 7230
5801 7232
4093 5801
2658 7236
646 2658
8192 646
3490 7239
3539 3490
1183 7241
2738 1183
5624 2738
3402 5624
9901 3402
2347 7243
4267 7244
7052 4267
5293 7052
319 7245
107 7246
8660 7247
7720 7248
9601 7252
1690 7253
2264 7254
2456 2264
2327 7255
3081 2327
6840 3081
9419 6840
591 7258
8286 7261
831 7262
2743 831
2378 2743
9840 2378
9740 7264
6921 7265
3329 6921
3278 7266
4456 7267
2419 7268
5253 2419
7857 5253
8671 7271
7600 7277
8475 7278
2074 7280
2892 7281
5145 2892
2180 5145
7903 7284
2864 7286
8133 2864
9592 7287
5128 7288
588 5128
1919 588
4560 1919
3779 4560
7689 7289
1502 7290
8417 7291
4871 7292
4244 4871
794 7293
4710 7295
3983 7297
4067 3983
4391 7299
3612 7300
4874 3612
6809 7301
5216 6809
9082 5216
1831 7303
2815 1831
3909 7304
3904 3909
2059 3904
9053 7306
2436 7307
9961 2436
1917 7308
568 7312
5905 7315
7044 5905
1155 7044
4175 1155
7955 7316
1285 7320
1863 1285
9456 7321
9701 7322
6733 7328
3699 6733
6847 3699
7794 6847
4033 7329
913 7330
2184 7333
3996 7335
2138 7338
5344 2138
9211 5344
1219 7340
3526 7341
8378 3526
5127 7347
7430 5127
436 7349
4180 436
6217 7351
6748 7352
2448 6748
6784 7358
2652 7362
5843 2652
4290 7364
6826 4290
3797 6826
1926 3797
8688 7365
3252 7366
1627 3252
1772 1627
6950 1772
8473 6950
5918 7368
7334 5918
5737 7334
8101 5737
7681 7371
7874 7375
9797 7376
3243 7377
9092 3243
3322 7378
1620 7380
571 7382
751 571
2055 7385
4750 7386
3319 4750
8803 7388
7197 7389
102 7197
1454 102
3039 7390
743 7392
4632 7393
6835 7395
2669 6835
9671 2669
86 7396
647 7399
1443 647
3387 7400
9119 7401
7360 7407
7072 7408
4855 7072
1812 4855
4752 1812
2728 4752
1608 2728
7994 7409
8171 7411
4930 7412
5966 7414
8741 7415
2032 7416
8020 7420
9842 7422
5351 7423
3174 5351
3390 3174
1804 7425
980 7428
2780 980
8899 7429
5611 7430
9614 5611
7919 7432
5281 7436
6051 7438
8565 7439
3075 7441
5789 3075
7683 7442
6786 7443
9212 7444
8889 7449
4950 7456
315 7458
7968 315
6557 7459
4661 6557
2490 4661
7838 2490
626 7460
1231 7461
9870 1231
4997 7465
7424 4997
5220 7424
4523 5220
814 4523
3375 814
5502 7466
3593 7467
2273 3593
7464 7470
9559 7475
191 7476
9096 7479
1961 7481
8755 7482
8523 7483
4102 7485
2789 4102
1660 2789
3313 1660
1677 3313
6609 7488
3628 6609
5996 3628
9518 7489
8288 7491
8486 7492
7355 7493
5265 7355
9716 5265
3576 7494
261 3576
3491 7496
5147 3491
4783 5147
4304 7497
8522 7498
6636 7499
7897 7500
794 7501
4099 794
3807 7502
7337 7504
9547 7337
5767 7505
6091 7510
8069 7512
9868 7513
5232 7515
6080 5232
3181 6080
3260 3181
2689 7516
3160 7518
9256 3160
2206 7519
7799 2206
7741 7522
5912 7523
3063 5912
3808 7528
9488 3808
3323 7530
7298 3323
4634 7298
8106 7531
1602 7534
9507 7536
4741 7537
5850 4741
301 7539
5192 301
6008 7540
7637 6008
4738 7541
1774 4738
79 1774
9158 7543
7994 7545
1662 7546
5237 1662
1174 5237
4922 1174
4277 4922
685 4277
4177 7548
2834 7549
8483 2834
8269 7550
8746 7551
1545 7553
2076 1545
4585 2076
1219 4585
9373 1219
5570 7554
5676 5570
7326 7555
5077 7326
417 7556
9527 417
1729 7557
1960 1729
5534 7558
5717 5534
3049 5717
3660 7560
2147 3660
8558 2147
1653 7561
3809 1653
3794 7563
9178 7564
5082 7565
4423 7567
9862 4423
5610 7569
7256 7570
4696 7256
3878 4696
2353 7571
6240 7573
5953 6240
6937 5953
3810 6937
1677 7574
8859 7575
9486 7577
5355 7578
3935 7579
9902 3935
1233 7580
2015 7582
8213 7583
3119 7584
7731 3119
1261 7585
6778 1261
6229 7586
9818 7588
8430 7589
37 7590
9963 7593
7607 7597
1470 7598
4385 1470
3820 7602
7079 3820
1641 7605
8515 7606
956 7609
345 956
1106 345
3260 7610
7282 7611
4915 7282
1289 7613
6140 7614
4400 7615
2995 7618
6426 2995
653 7619
4227 653
4792 7620
8865 4792
7345 7622
2522 7345
6477 2522
4122 7623
8750 7624
2646 7625
8903 7627
5139 7629
2609 7630
2861 2609
6608 7635
3345 7636
6680 7637
3687 6680
1337 7638
5194 1337
994 5194
1682 994
6299 7642
4254 7644
8963 7647
7566 7648
5542 7566
1454 5542
1965 7649
8536 7650
4231 7655
2618 4231
9114 2618
9022 7656
7834 7657
2811 7658
7895 7659
4311 7661
6932 4311
2996 7662
6956 2996
2187 7664
4486 2187
5916 7665
5047 5916
1094 5047
9261 1094
1727 7666
1132 7671
597 1132
3272 597
2125 7673
2278 7674
5923 2278
2730 5923
7592 7676
3488 7592
4623 3488
5397 7677
1804 5397
9510 7678
5979 7679
4421 5979
8624 4421
5000 7681
2255 5000
1434 2255
2894 7682
2917 7683
4717 7685
2242 4717
9872 2242
3255 7686
6727 3255
5788 6727
8302 7688
4172 7689
5048 4172
6380 7693
5303 6380
1996 7697
6003 1996
3780 6003
626 7698
1925 7701
2861 7702
4569 2861
1764 7703
7484 1764
9966 7484
3568 7705
6993 3568
5944 6993
4340 7707
1968 4340
7296 1968
2946 7708
9753 2946
6541 7709
5862 7711
822 5862
8782 7713
5734 7715
4076 7717
5509 7720
7873 5509
2377 7722
9680 2377
9272 7723
5108 7725
1335 7726
1267 7727
1111 7728
5114 7729
1892 7734
3035 7735
7974 3035
2813 7737
1151 7740
1809 7742
2778 7744
1070 2778
5154 7745
5073 5154
5409 7747
7121 5409
2368 7749
8355 2368
3226 7751
8909 7753
4216 7754
4047 4216
7690 4047
6301 7690
8122 7755
9550 7756
4173 7757
6851 4173
9230 6851
3444 7759
8310 3444
564 7762
1063 7765
9420 1063
2029 7767
9306 2029
8807 7768
6354 7769
2118 6354
9957 2118
8163 7773
1247 7774
1026 1247
3316 1026
6320 7775
2786 6320
6788 2786
5039 7778
1140 5039
13 1140
299 13
1708 7779
4059 1708
4341 4059
8008 4341
8533 7780
3890 7782
8533 7785
1735 7786
9471 1735
8328 7787
44 7788
34 7789
5742 7792
9464 7795
8414 7799
5048 7800
4622 7801
4768 4622
3517 7803
4578 3517
9282 4578
4764 7804
1955 7805
2597 7806
7435 7809
4740 7435
5736 7811
8825 7812
2232 7813
5749 2232
9124 7815
3939 7817
6159 3939
3464 6159
8298 7818
1043 7819
7353 1043
6830 7820
2777 6830
6824 2777
1510 6824
2821 1510
3209 7821
7251 7822
8636 7251
1623 7823
8650 1623
3257 7824
2742 7825
2167 7826
4186 2167
2023 7827
3282 2023
2492 7828
971 2492
7068 7829
7231 7830
6706 7231
5892 7831
9462 5892
2454 7833
5015 7838
9752 7841
4965 7842
8478 4965
8050 7847
6007 7849
5831 6007
4879 5831
8784 4879
9006 7852
6388 7853
7956 7855
2214 7856
9991 7857
2943 7858
188 7860
8640 7861
2551 7863
2929 2551
7158 7864
6736 7870
1303 6736
439 7874
9227 7876
2273 7877
3858 2273
2809 7882
5331 2809
9750 7883
8623 7885
7784 7886
4764 7784
8374 4764
9100 7887
9594 7888
6423 7889
5107 6423
1776 7890
7654 1776
242 7654
781 7891
393 7894
4549 7897
9346 4549
383 7899
3843 383
5886 3843
5375 5886
6393 5375
5166 7900
2532 5166
9480 7901
6469 7904
9323 6469
5058 7909
5093 5058
3180 5093
7866 3180
423 7910
2929 7911
2840 7912
4559 7913
4045 7915
1214 7916
3658 1214
3638 3658
3988 7917
5116 3988
1765 5116
1641 7919
5357 1641
2545 5357
8386 2545
6257 7920
8242 7921
5120 7924
99 7925
4127 7926
494 4127
6491 494
9293 6491
3026 7928
5970 7930
2113 5970
2348 7931
7379 2348
7205 7935
1879 7936
1597 1879
7628 1597
4808 7628
4436 4808
2186 4436
5204 2186
5649 5204
2195 5649
5193 2195
5989 5193
7311 7937
6957 7940
3981 7941
2667 7946
9501 7947
2366 7948
8924 7949
4094 7950
7486 4094
9022 7951
4573 7953
7979 7955
1865 7956
217 1865
7356 217
4186 7957
2329 4186
6055 2329
1565 7958
5885 1565
7934 5885
3161 7934
3512 7959
9093 3512
7596 7961
2049 7962
4296 7963
9597 7965
4244 7969
9488 4244
5585 7970
1554 5585
6444 1554
9565 7971
572 7972
2296 572
8283 2296
5847 7973
2741 7974
5768 2741
4869 5768
7313 7975
98 7313
3085 98
7529 3085
7454 7529
7270 7454
9857 7270
3508 7977
8834 3508
5742 7978
7793 5742
8346 7981
5605 7983
6885 7985
5942 6885
4006 5942
1180 7986
1890 1180
8249 1890
7019 7988
3826 7019
6154 3826
9814 7992
9742 7993
6725 7994
8461 6725
8024 7995
2572 7997
1202 2572
143 7998
3792 7999
8514 8003
241 8004
6876 241
6043 8006
4046 6043
497 8007
2251 497
3905 8011
5683 8013
4344 5683
1698 4344
4028 1698
6301 8014
8582 8017
6321 8019
306 6321
6114 8021
8210 8022
4906 8023
3132 8025
2035 3132
1059 2035
9298 8028
1777 8032
4135 1777
7758 4135
9800 8033
6706 8035
8959 6706
6295 8036
6849 6295
7473 8037
6535 8038
76 6535
9867 76
580 8039
573 580
8469 8040
836 8042
6255 836
2813 6255
2533 2813
6634 2533
5465 8046
1115 5465
2955 1115
5770 2955
3580 5770
1164 3580
7027 1164
3063 7027
3199 3063
8085 8048
2360 8049
1327 8053
2219 8054
118 8058
7478 8061
5277 7478
9076 8064
3772 8065
2125 8066
2900 8067
306 8068
8553 8074
2766 8075
7237 2766
9125 7237
7587 8076
8073 8077
1731 8073
6751 1731
6957 6751
8364 6957
2215 8078
8071 2215
7670 8079
4336 7670
8002 4336
8834 8083
1362 8084
1065 1362
8384 1065
5798 8085
3424 8086
9710 3424
4368 8087
3541 4368
7187 8088
5996 7187
8969 5996
959 8089
8121 959
8220 8094
7616 8097
3025 8099
986 3025
1205 8100
2149 8101
4924 8104
5629 8105
231 5629
1674 231
2585 1674
8594 2585
3888 8106
7008 8107
6264 7008
8223 6264
5009 8109
1449 8110
5936 8113
6073 5936
6184 8115
1733 8116
5849 1733
5893 5849
2452 8117
5741 2452
9431 8118
8448 8120
4709 8121
6741 8122
2920 8123
2929 8125
709 2929
5944 709
266 5944
1913 8129
8092 1913
5189 8092
3893 5189
4674 3893
3214 8132
6477 3214
3267 6477
7101 3267
3484 7101
5882 3484
1675 8134
4845 8135
3682 4845
3962 3682
7269 8136
9865 7269
2046 8137
3117 2046
2109 3117
4497 8138
8858 4497
7892 8140
2944 7892
9918 2944
4632 8141
5863 4632
9198 5863
1692 8142
1806 8143
5815 1806
9956 5815
6249 8145
1003 6249
3848 8146
922 3848
568 8148
325 8151
541 8153
7668 541
160 7668
2774 160
5694 2774
1356 5694
2808 1356
9655 8155
8625 8161
2672 8162
1700 8164
8093 8166
4781 8167
2549 4781
3302 2549
2672 8168
5492 2672
3220 5492
3655 8170
1355 3655
8769 1355
5347 8171
9512 8172
4584 8173
1654 4584
2113 1654
1938 2113
5502 1938
9386 5502
2506 8174
2178 2506
9926 2178
6525 8177
2337 6525
9052 8178
2219 8179
45 2219
1859 45
8225 1859
8669 8180
4530 8181
6277 4530
6761 8185
5662 6761
8825 5662
6415 8186
4685 6415
668 4685
9634 8187
4692 8188
8374 4692
8402 8189
6390 8190
4238 6390
2985 4238
8043 2985
6350 8043
4923 6350
3544 4923
5735 3544
3780 5735
5721 3780
2013 5721
304 8191
4410 8196
1064 4410
8874 8198
4454 8201
9274 8202
3451 8203
9474 3451
155 8204
6079 155
2586 6079
2169 2586
1255 8206
9000 1255
6853 8208
1922 6853
4985 1922
7896 8209
296 7896
3387 8210
4285 3387
4533 4285
2723 4533
2328 8211
7234 8212
3997 7234
2223 3997
2968 2223
7776 2968
7944 8213
1332 7944
4432 1332
8705 4432
8747 8214
3305 8216
3158 8217
8020 3158
6755 8218
2631 8219
8175 2631
9185 8221
1568 8222
6695 8223
439 8230
568 439
3547 8232
2361 3547
5552 2361
1443 5552
9008 8233
5290 8237
2079 5290
9892 2079
4365 8239
4406 8240
7125 4406
8361 7125
6629 8241
6444 6629
2489 8243
924 2489
7776 924
3272 7776
9628 3272
6522 8245
6576 8252
9137 6576
894 8253
9683 8254
8119 8256
5420 8119
8867 5420
9686 8258
2114 8263
5658 8264
253 5658
2012 253
8018 2012
2157 8265
3454 2157
3377 3454
7446 3377
1885 7446
3268 1885
1810 3268
6290 1810
6744 8266
6523 8268
9270 6523
9539 8269
5363 8270
193 5363
3666 8271
8634 3666
6172 8274
188 6172
1561 188
5308 1561
7433 5308
7595 7433
3426 7595
2852 3426
6462 2852
9464 6462
1317 8275
2119 1317
6068 8278
3328 8281
6488 3328
8224 8285
3134 8224
9864 8287
2022 8288
5018 2022
9483 8289
3831 8292
1307 3831
6226 1307
6705 6226
577 8293
2116 577
2067 8296
7121 2067
5782 7121
700 5782
3293 700
2321 3293
2261 8297
4952 2261
9753 8298
9855 8299
4730 8300
8956 4730
2668 8302
4193 2668
272 4193
1138 8303
260 1138
3599 8304
3977 3599
4836 8305
6732 4836
192 8308
6857 8309
1749 8310
9674 1749
7039 8311
9408 7039
2251 8312
3744 2251
6336 3744
4367 8313
5810 8316
9808 8321
148 8322
6510 148
3100 6510
2468 8324
5122 2468
4404 5122
8572 4404
1328 8326
9133 1328
7527 8327
3996 8328
9677 3996
7798 8331
1485 8332
9936 1485
7748 8334
5462 7748
1123 8337
4480 1123
5653 8338
7979 8339
2580 7979
1679 2580
5018 8340
1987 8341
3929 1987
5113 3929
4674 5113
8295 8342
922 8295
4482 922
4794 8343
3783 4794
3933 3783
3613 3933
8904 3613
8336 8346
2184 8336
6584 2184
7468 6584
6062 7468
579 6062
7144 579
3859 8347
8415 3859
3432 8348
1607 3432
3876 1607
906 8349
2438 906
5881 2438
8885 5881
5017 8350
7559 8352
254 8353
3356 8354
1487 8357
5366 8359
8029 5366
6134 8029
2639 6134
8862 2639
7279 8360
6422 7279
2795 6422
892 2795
1677 892
1130 1677
9427 1130
8260 8361
4950 8364
5489 4950
5190 8366
8445 8367
5699 8368
3605 8379
1876 3605
7305 1876
7480 7305
2782 7480
6094 2782
3360 6094
8018 8380
7463 8018
918 8381
4623 918
818 8382
8757 818
9988 8383
5198 8384
1242 8385
2626 8388
4060 2626
8520 4060
5399 8391
6854 5399
9411 6854
7076 8392
4335 7076
8838 4335
5335 8395
9284 5335
678 8396
525 678
4081 525
6376 4081
4129 8398
2308 4129
33 2308
7960 33
1441 7960
6126 8400
7672 6126
9458 7672
3588 8401
4941 3588
4080 4941
757 8403
3697 757
419 3697
5955 419
1290 8404
9397 1290
6366 8405
9810 6366
4795 8406
9571 4795
5572 8410
1870 5572
3905 1870
4409 3905
3557 8411
9541 3557
5086 8412
433 5086
3621 433
7814 3621
913 7814
5928 8414
7846 8417
8872 7846
7369 8418
3971 7369
2895 3971
3178 2895
7559 8419
7836 7559
3610 7836
8315 8420
7884 8315
4028 7884
621 4028
9174 621
9776 8421
6986 8425
8983 8428
4571 8429
6556 4571
4554 8430
2792 4554
6813 8433
5315 6813
6348 5315
2705 6348
6752 8434
6780 6752
2677 6780
4565 2677
7692 8435
4956 7692
8762 4956
2916 8436
8676 8437
2733 8438
5810 2733
1854 8439
6643 8440
9997 8443
1815 8444
1309 1815
7881 8445
2194 8448
1930 2194
3406 8450
1970 3406
5267 1970
8740 8451
6540 8452
8175 8453
9645 8175
9331 8455
1339 8456
4959 1339
2031 8457
4043 8459
8063 4043
5162 8063
3071 8460
8979 3071
2854 8461
8026 8464
7741 8026
2121 7741
6702 2121
6825 6702
4282 6825
4907 4282
3467 4907
4279 3467
3073 4279
4775 3073
8511 4775
5266 8465
3056 5266
1916 3056
7235 8467
8323 8468
655 8469
126 655
6497 8470
299 6497
5809 299
7835 5809
1610 8474
7839 1610
8229 8478
9672 8229
3000 8480
1299 8482
5002 8484
2205 5002
5676 8485
2742 8486
677 2742
8729 8487
9566 8488
4959 8490
9987 4959
9384 8491
9237 8493
3059 8494
4159 3059
4099 4159
8325 4099
7214 8495
6014 8497
1911 6014
1888 8499
3020 8501
8389 8503
4736 8389
3318 4736
4197 3318
8922 8504
4927 8507
8387 4927
7150 8510
950 8511
7738 8515
4800 8519
2304 4800
9943 8522
6828 8526
5045 6828
6971 8528
5556 6971
963 5556
1929 963
5543 8529
6698 5543
7517 6698
4953 7517
856 8531
7967 8532
3277 7967
4422 3277
3980 4422
1540 8536
2661 8537
6999 2661
9928 8539
7397 8540
6669 8541
4124 6669
6318 4124
1595 8545
2510 8546
9820 2510
8897 8547
6599 8548
971 8550
1200 971
2893 1200
7798 8553
2596 7798
9864 2596
3354 8554
9910 8556
8144 8557
5248 8144
6608 5248
2013 6608
200 2013
3815 8558
9979 3815
9829 8559
8236 8561
3959 8236
1368 3959
897 1368
7309 897
1295 8564
4645 1295
3977 4645
1770 8565
962 1770
1924 8567
631 8568
781 8569
7172 781
7229 7172
1752 8572
8371 8576
122 8578
5901 8581
7318 5901
6337 7318
5606 6337
7228 5606
4480 7228
853 8584
187 853
2844 187
7405 2844
4001 8585
2823 4001
7233 8586
8589 7233
3133 8590
4952 3133
9485 4952
441 8591
2598 441
481 2598
770 481
4367 770
1442 8595
2693 8596
1349 8597
8575 1349
6216 8575
4929 8598
6678 4929
4586 6678
1402 8599
2578 8600
8255 2578
7738 8601
8184 7738
5482 8184
8570 5482
5388 8604
5668 5388
1413 5668
2792 8606
9669 2792
4235 8607
24 4235
8257 24
7367 8608
4975 7367
4093 8609
4160 4093
3924 4160
4573 3924
1281 8611
8290 1281
2366 8612
325 2366
5990 8613
940 8615
6540 940
919 6540
3969 919
7477 3969
8672 7477
2899 8617
5731 2899
6410 5731
1082 8618
1213 8621
4979 8623
2821 4979
3232 8625
6391 8626
5613 6391
9252 5613
6978 8627
1988 8629
3860 8630
696 3860
3315 696
7952 8633
1207 7952
7238 1207
8876 8634
2487 8637
1880 2487
1242 8638
2811 1242
7869 2811
8533 7869
9350 8640
5139 8641
8854 5139
3178 8642
3811 8644
1752 3811
8909 8645
6572 8647
2833 6572
121 2833
1550 8653
5653 8655
9704 8656
4292 8657
7617 4292
8956 7617
7621 8658
9605 8660
2815 8661
8317 2815
2919 8662
7119 2919
9523 8663
156 8664
2346 156
8362 2346
8387 8665
3587 8387
7524 8666
6256 7524
8472 6256
3226 8671
7746 8672
7325 7746
6403 7325
7908 6403
5428 7908
5311 5428
4479 5311
4612 4479
1783 4612
2380 8673
6616 2380
1487 8675
6672 8677
4233 8679
442 4233
644 442
3837 8681
9608 3837
8960 8682
3107 8683
6726 8684
4835 6726
9614 4835
9072 8685
3196 8687
8001 3196
9010 8001
7071 8689
608 8690
3833 608
296 8691
4705 8692
7509 4705
6699 7509
2613 6699
2936 8693
2009 8694
7091 2009
7547 7091
3792 7547
9471 8695
4163 8696
5278 4163
2494 5278
4747 2494
2071 4747
3137 2071
8583 3137
1678 8697
2097 1678
8041 2097
4756 8041
3283 4756
4006 3283
179 4006
2830 179
2006 8698
5540 2006
9900 8699
8965 8700
9373 8701
196 8702
3670 196
3233 8703
6894 8704
6282 6894
2521 6282
5254 2521
9724 5254
67 8705
9045 67
9194 8706
581 8707
674 581
1687 674
5327 1687
2744 5327
1176 2744
261 1176
774 8708
9624 8709
8301 8710
1881 8711
2906 1881
8659 8712
2059 8659
2087 8713
7016 2087
3950 8715
1986 3950
5981 1986
3322 5981
8533 3322
6002 8717
2907 6002
1778 2907
8635 8722
5427 8635
7032 5427
8358 7032
5493 8358
6076 5493
7552 6076
2426 8724
3102 2426
5590 8725
7752 5590
2197 7752
6765 8727
4365 6765
2970 4365
6388 2970
9017 6388
1202 8728
5645 1202
7675 5645
3260 8729
7731 8734
4691 8735
3562 4691
6069 3562
671 6069
6883 8736
4601 8737
6672 4601
6141 6672
6379 6141
5306 6379
1567 5306
3410 8738
15 8740
3412 15
5837 3412
3918 8741
5837 8742
8938 5837
9508 8743
9940 8745
7487 8747
2624 8748
4304 8750
6808 4304
5364 8751
3321 5364
8010 8752
1008 8010
995 1008
7621 8753
5091 8755
5685 5091
1182 5685
1159 1182
2707 1159
4417 2707
5759 8756
5730 8757
557 8758
8489 8762
7387 8489
2124 7387
1898 8763
7402 1898
1887 8766
4087 1887
1319 4087
4075 8767
9376 4075
7178 8768
4014 8769
6862 8772
6154 6862
4670 6154
3670 8773
1517 3670
4342 8777
1679 4342
8876 1679
1688 8780
5651 1688
3966 5651
7373 3966
6833 8783
1476 6833
6431 1476
7601 8784
7235 7601
8513 8785
8157 8513
5723 8157
5899 5723
6632 8786
3973 6632
9652 8787
8518 8791
8059 8518
7323 8793
8944 7323
3786 8794
852 3786
2958 852
648 2958
7005 8795
3979 8796
4317 3979
8521 8798
8320 8800
2347 8320
7397 8802
7 7397
4349 7
7714 4349
3731 8805
7533 3731
9190 7533
6514 8806
5133 6514
2776 5133
5026 2776
3290 5026
4850 3290
7276 4850
6273 8808
8822 6273
3280 8809
1143 3280
3232 1143
602 3232
86 602
7018 86
1453 7018
9395 8810
4017 8812
4810 4017
3373 4810
8333 3373
3330 8814
1692 3330
7031 1692
7078 7031
8051 8815
7731 8051
1144 7731
1781 1144
5264 8816
333 5264
8294 333
396 8817
9460 8820
9671 8821
37 8823
4309 37
6947 4309
2662 6947
9483 2662
226 8824
3804 8825
2714 3804
7179 8826
3889 7179
6083 3889
8631 6083
3284 8828
99 3284
9792 8829
3008 8831
4783 3008
9474 8832
4700 8836
8165 4700
6551 8165
9102 6551
5896 8837
4046 8838
882 8839
7511 8843
730 8844
5528 730
4258 5528
189 4258
5198 189
4295 5198
4498 8845
8496 4498
6956 8846
3980 8849
8721 8850
7111 8852
3045 8853
5899 3045
999 5899
9128 999
882 8854
634 882
5578 634
7025 5578
3642 7025
361 3642
6498 8856
4693 6498
8525 8859
3049 8860
3794 8861
772 3794
3446 772
1027 3446
8282 1027
4176 8282
2906 4176
2540 2906
4364 8862
4456 4364
3186 4456
5213 3186
2951 8863
6493 8864
5544 6493
8024 5544
3603 8866
8589 3603
274 8589
953 274
4068 953
7507 8867
7939 7507
9645 7939
4532 8868
7932 4532
6357 7932
1029 8869
2624 1029
4882 8870
429 4882
2769 8871
2005 2769
3875 8872
147 8874
287 8875
8050 287
3053 8050
2826 8876
8765 8878
7508 8765
2363 7508
330 8879
458 8883
8855 8884
5873 8855
4833 8885
2457 8889
813 2457
5107 813
9761 5107
1232 8892
2613 8893
7699 2613
7229 8894
7144 7229
5630 7144
3585 5630
4525 3585
4605 8895
4818 4605
4953 4818
7373 8896
6823 8897
5179 6823
7520 5179
7109 7520
9580 7109
6924 8898
6286 6924
8345 8899
4431 8345
8648 8900
8674 8901
1240 8902
3854 1240
898 3854
6073 898
6310 6073
1711 6310
1179 1711
2422 8903
9294 2422
143 8905
121 143
6522 8906
3639 8907
2102 3639
107 2102
8163 107
6707 8163
4924 6707
9467 4924
431 8909
8098 431
4646 8098
4302 4646
5206 4302
4225 8910
1225 4225
7843 1225
8921 7843
2007 8911
2842 2007
3946 2842
3247 8914
6695 8916
1196 6695
9319 1196
9356 8917
9258 8918
6849 8919
1778 8922
8551 1778
3343 8551
8250 8923
5073 8250
6981 8925
351 6981
1531 8926
1495 8927
3409 8928
6454 3409
7314 8930
192 7314
4552 192
1959 4552
845 1959
6109 845
2535 6109
2070 8931
304 2070
7808 304
4076 7808
3145 8933
1753 8934
3674 8935
9840 3674
2948 8936
9344 2948
5547 8937
2205 5547
6192 2205
7324 6192
7108 7324
5887 8938
5573 8940
2180 5573
9219 2180
2276 8941
3710 8942
714 3710
2036 8944
6515 2036
4379 6515
8579 4379
7418 8579
2689 8945
9424 2689
9879 8946
5223 8947
7845 5223
182 7845
9382 8948
8272 8949
3326 8272
7487 8950
1946 7487
9517 1946
434 8951
1289 434
5064 1289
8991 5064
3833 8952
8739 3833
6098 8739
6071 6098
664 8953
4629 664
5289 8955
9291 8958
4690 8961
2354 4690
1326 2354
1204 8963
6732 8965
6257 6732
8622 8966
9420 8622
2032 8967
8500 8968
995 8969
9876 995
5033 8971
376 5033
8147 8972
4710 8147
7862 4710
6444 7862
4227 6444
4648 4227
4085 4648
5642 8974
9990 8975
4269 8977
4380 4269
2439 4380
339 8978
5043 339
7067 5043
1979 7067
685 8979
8108 685
4333 8108
8363 4333
9311 8363
1064 8980
4619 1064
4284 8981
6836 8984
6650 6836
9135 6650
4182 8985
2877 8987
4167 8988
909 4167
1023 909
8877 1023
8771 8989
3819 8771
9455 8990
9770 8991
4255 8992
1448 4255
6111 1448
8523 6111
5827 8523
8549 5827
5213 8549
7222 5213
1967 7222
7191 1967
7906 8993
74 7906
1523 74
2620 1523
5736 2620
8939 8994
7238 8939
20 8996
2126 20
239 8997
5506 8998
6307 5506
3115 6307
9673 8999
7215 9000
490 7215
4901 490
2337 4901
4308 2337
707 4308
8458 707
8562 8458
2154 8562
4568 9001
3436 4568
4332 3436
3116 4332
8648 9003
7905 9004
1434 7905
5838 9005
2163 5838
7859 2163
3713 7859
4782 3713
3595 4782
2651 3595
8372 2651
9966 8372
1128 9006
8610 9008
5471 8610
7434 5471
1725 7434
1495 9009
1000 1495
2214 1000
6395 9010
3337 9011
6521 3337
3453 6521
1794 9012
1434 1794
1958 1434
2714 1958
4869 9013
6290 4869
5829 9014
9868 5829
546 9016
3615 546
2057 3615
2708 2057
1473 2708
5769 9017
3842 5769
5067 3842
4771 9021
2213 4771
5032 2213
5898 5032
822 5898
503 9022
9683 9024
2546 9025
1997 9026
683 1997
1111 683
4744 9028
371 9030
7631 9031
4548 7631
8516 4548
5416 8516
6506 5416
1229 6506
6636 1229
9147 6636
3410 9032
6503 3410
9692 6503
3376 9034
8560 3376
2400 8560
4848 2400
680 4848
2593 680
6267 2593
5451 9035
4805 5451
1298 4805
7700 9036
1978 7700
8152 9037
7383 9039
4524 9043
6501 4524
4417 6501
5634 9044
7596 5634
1139 7596
9617 1139
2143 9045
9654 9046
1384 9047
8648 9048
7235 8648
8020 7235
7794 8020
6996 7794
874 6996
3838 874
371 3838
5785 9049
6237 5785
5218 6237
6465 5218
5181 6465
1484 9050
8267 1484
9985 8267
9134 9051
5966 9052
1962 5966
7285 9053
9700 7285
2837 9054
137 2837
468 137
4823 9055
7732 9056
1606 7732
791 1606
6227 791
7612 6227
2174 9057
1226 9059
1198 1226
193 1198
9020 193
8193 9020
7419 8193
9209 7419
8563 9060
3203 9061
5445 3203
132 9064
9667 9065
6977 9066
7968 9067
7933 7968
6961 9068
3453 6961
251 9069
5274 251
737 5274
9950 737
8111 9070
7226 8111
6770 7226
2933 6770
1309 9071
8375 1309
3723 8375
7535 3723
5986 9073
5896 5986
8761 9075
7183 8761
2441 7183
4132 2441
1727 4132
9859 1727
3340 9076
6641 3340
9413 6641
5136 9077
6773 9078
9080 9081
2112 9080
1092 2112
3364 1092
9072 3364
4544 9083
9966 9084
697 9086
1632 697
6268 1632
8807 6268
8857 8807
3037 8857
8091 3037
166 8091
7763 9087
1813 9088
4052 1813
3749 9089
4061 9090
2812 4061
7283 2812
2853 7283
6943 2853
5362 6943
9063 5362
282 9091
2002 282
8475 2002
1769 8475
5126 1769
3906 9092
3880 9093
6217 3880
3622 6217
9303 3622
7112 9094
3587 7112
10000 9097
8744 9098
6206 8744
5158 6206
3952 5158
9242 3952
3249 9099
469 9101
7005 469
5061 9103
4521 9104
7105 4521
5473 7105
7332 5473
739 9105
8325 739
627 9106
6100 627
3739 6100
7260 3739
4454 9107
2214 4454
9029 2214
9579 9029
2471 9108
9260 2471
2148 9109
2444 2148
8563 2444
9259 8563
2383 9111
4914 2383
8002 4914
8588 8002
71 9112
8306 9113
4182 8306
3319 4182
8774 3319
1186 9114
4732 1186
3294 4732
4642 9116
6556 4642
6978 9117
1732 6978
1233 1732
7604 1233
7832 9118
4971 7832
4863 9119
2285 9120
3536 2285
243 3536
8215 243
2359 8215
9503 9122
362 9125
4802 362
4417 9127
9621 9128
7184 9129
9330 7184
3974 9130
5772 9131
5752 5772
8631 5752
9953 9132
5423 9135
7405 9136
7490 7405
154 7490
7050 9138
2131 7050
6709 2131
379 6709
3862 9139
4293 3862
7982 4293
8045 7982
9264 9141
9197 9142
6681 9143
2799 6681
9439 2799
1248 9145
5157 1248
5293 5157
1609 5293
6311 1609
9709 6311
7581 9147
3494 7581
5390 9148
7907 5390
5617 7907
1142 9150
6537 9152
5569 6537
6564 5569
293 6564
9410 293
3069 9153
7343 3069
1540 9154
6129 1540
7721 6129
1754 7721
422 1754
2055 422
6150 2055
9685 6150
7603 9157
9183 7603
8835 9158
3393 8835
430 9160
344 430
8686 344
2038 8686
6654 9161
8394 6654
5971 8394
147 5971
136 147
3877 136
5764 3877
1277 5764
413 9162
7684 413
7840 9164
706 7840
7094 706
7260 7094
4400 9165
4985 4400
3388 9166
8472 9168
3090 8472
3809 3090
6878 9169
9240 9171
3493 9172
4480 3493
8422 9173
8680 9175
7873 8680
8851 7873
9023 8851
6558 9023
7240 6558
5676 7240
1303 5676
3210 1303
2174 9176
1438 9182
3438 1438
4289 3438
2714 9183
203 9184
8325 9186
6905 9188
7260 6905
5418 7260
4164 9189
1659 4164
6754 1659
7552 6754
6482 7552
9844 6482
7712 9190
3360 9191
5435 3360
1205 5435
7839 9194
208 7839
9884 9195
2063 9196
5410 2063
5258 5410
8620 9197
2649 8620
933 2649
6275 933
2211 9198
9458 2211
7712 9200
2000 9201
99 9204
6778 99
2202 9205
8423 9207
34 9210
9461 34
3840 9211
550 3840
7471 550
6945 7471
4453 6945
305 4453
6788 305
2164 6788
3664 9212
8574 3664
9720 8574
7854 9213
8781 7854
9603 8781
9917 9214
4190 9215
1212 4190
4888 9218
3191 4888
2144 3191
7514 2144
1753 7514
7954 9220
1578 9221
3752 1578
8052 3752
8355 9222
5954 8355
6474 9224
4740 6474
1766 9225
6665 1766
5289 6665
5589 5289
3609 5589
6093 3609
5893 6093
6749 5893
8257 9226
5908 8257
5322 5908
7976 5322
3761 7976
455 9227
3931 455
29 3931
4644 9228
5142 9229
1269 5142
7834 9230
3638 7834
8782 9231
9586 8782
7943 9232
359 7943
3338 359
5994 3338
5065 5994
5643 5065
8819 5643
6157 8819
3760 6157
5483 3760
7797 5483
9348 9233
5443 9238
3890 5443
5240 3890
8543 5240
8498 8543
1147 8498
3865 9239
6473 9240
1260 6473
4319 1260
6755 4319
7640 6755
5314 7640
8249 9241
8908 9242
3148 8908
8238 3148
4042 8238
9085 4042
6180 9085
752 6180
8774 752
2173 8774
2169 9243
4416 9244
7343 4416
8325 7343
8176 8325
2825 8176
6121 9245
3875 9246
4619 9247
6362 9248
9115 6362
3162 9249
4859 3162
261 4859
7026 261
7684 7026
7872 7684
7696 9250
790 7696
5512 790
3009 9251
9038 9252
771 9253
2508 771
3627 2508
4812 3627
7945 4812
9806 7945
1916 9254
6718 1916
8330 9257
4084 8330
7486 4084
5672 7486
8760 9258
5661 8760
8496 5661
1232 9259
5887 9262
3115 5887
7594 9264
5001 7594
2628 9265
8804 2628
1614 8804
6005 1614
2839 6005
9485 2839
3700 9266
3629 9267
1348 3629
3060 1348
9018 9269
2119 9270
1920 2119
2645 9271
3282 2645
9864 9272
2450 9273
5197 2450
2933 9274
780 2933
5632 780
418 5632
2803 418
4391 2803
2430 4391
7651 9276
5623 7651
8317 5623
7117 8317
9568 9280
3317 9281
9744 9282
4723 9283
4930 4723
5748 9284
7562 5748
767 7562
5799 767
7542 5799
2114 9286
8858 9287
6559 9289
584 6559
7129 584
9203 7129
3866 9203
3344 3866
8005 9290
9062 8005
6277 9291
5136 6277
1046 9292
6694 1046
7938 6694
5436 7938
9124 5436
5588 9124
7410 9293
7440 7410
2704 7440
3329 9294
7108 3329
2447 7108
8052 2447
8390 9295
8194 8390
1965 8194
9156 9296
3992 9297
9506 3992
7621 9298
9202 7621
6064 9202
8205 6064
2682 8205
5267 2682
8422 9299
6026 8422
9623 6026
3835 9300
8654 3835
4758 8654
4880 4758
5347 4880
2695 9301
316 2695
822 316
8283 9302
4077 9306
8261 4077
986 8261
7406 986
1721 9307
9785 9308
1809 9309
110 1809
4330 110
3773 4330
5617 3773
4674 5617
3278 4674
3237 3278
3875 9310
5693 3875
7793 5693
2908 9311
7311 2908
6214 7311
5285 6214
6933 5285
49 6933
3938 49
1690 3938
4928 1690
9285 4928
4385 9285
1595 9312
106 1595
9019 106
5672 9314
4719 5672
4 4719
9429 4
6439 9316
6140 6439
1237 6140
6548 1237
470 6548
5009 9317
2164 9318
5143 2164
4638 5143
1752 9319
5369 1752
330 5369
5897 9320
8276 5897
7641 8276
8462 7641
3561 9322
4573 3561
4862 4573
3850 9323
6263 9325
6142 6263
3134 6142
6999 3134
7736 6999
9592 9326
6017 9328
9759 6017
662 9329
2372 662
9187 2372
7100 9330
8512 7100
423 8512
9999 423
5333 9331
1783 5333
8514 1783
475 9332
6420 475
6617 6420
5843 6617
3102 9333
8865 3102
470 8865
742 9335
7327 742
382 9336
1666 9337
2188 9338
4232 9339
4280 4232
8329 4280
3717 8329
1278 3717
2417 9340
9660 9341
7294 9342
2175 7294
321 2175
6018 321
7714 9343
3772 9345
4529 3772
4488 4529
122 4488
6213 122
6271 6213
4987 9346
6687 4987
9042 6687
1604 9042
8881 1604
2143 9347
468 2143
5702 9348
9236 5702
4146 9236
6084 9349
902 9350
6334 9351
6667 6334
5181 9353
1014 9354
6735 1014
6459 6735
9782 9357
6395 9358
104 6395
1957 104
6715 9359
2473 6715
6022 9361
6839 6022
7001 6839
509 7001
6960 509
9565 6960
3131 9362
1947 3131
6251 1947
2173 6251
9902 2173
1483 9363
667 1483
6721 667
7185 6721
9903 9364
867 9366
9620 867
804 9371
7200 804
6286 7200
2336 6286
4565 2336
9372 4565
5146 9373
4347 9374
5766 4347
1602 5766
2655 9375
8833 2655
4074 9376
8676 4074
5671 9377
7427 9378
5536 7427
8982 5536
6991 9379
8667 6991
928 9380
3242 928
7191 3242
7181 7191
1076 7181
4209 1076
3902 9381
8260 9382
4111 8260
4768 4111
7879 4768
1266 7879
8319 9383
516 8319
9954 9384
2883 9385
9888 2883
5099 9386
3581 5099
2005 9387
6700 2005
6235 6700
837 6235
774 9388
1262 9389
6507 1262
8200 6507
6798 8200
5489 6798
5190 9390
1816 5190
2768 1816
4783 2768
5358 4783
6301 5358
5859 9391
9566 5859
202 9392
470 202
29 470
1321 29
4701 1321
7646 4701
9639 9393
1568 9395
7599 1568
8873 9396
7807 8873
2698 7807
2454 2698
9812 2454
5749 9397
5040 5749
648 5040
6522 9400
6302 6522
3507 9401
1073 3507
9451 1073
5347 9403
2615 5347
1266 2615
8114 1266
3749 8114
2975 9404
4414 2975
9607 4414
2540 9405
967 2540
77 9406
8920 77
2287 8920
1129 9408
6566 9409
8277 6566
2696 9410
516 2696
3502 516
503 3502
3213 503
5955 3213
314 5955
5314 314
7346 5314
961 9411
1835 961
3647 1835
819 9412
9260 819
9449 9260
6165 9413
1874 6165
714 1874
631 714
5622 631
40 9414
1396 40
1581 9415
8932 9416
2363 8932
8009 2363
7851 9417
1001 7851
9137 1001
768 9137
9278 9418
1832 9419
1284 9421
2779 9422
2334 2779
848 2334
5085 848
2647 5085
6161 9425
2430 9426
9960 2430
4348 9428
2429 9429
7130 9431
3607 7130
1877 3607
3295 1877
1832 3295
8943 9432
3925 8943
3805 3925
8982 9433
1672 8982
5385 9434
4265 5385
4034 4265
3393 9435
2116 3393
1387 9436
8881 1387
9235 8881
7016 9235
713 7016
518 9437
6146 518
9398 6146
7718 9398
1230 7718
8397 1230
3878 8397
11 3878
4708 9438
8225 4708
2439 8225
1837 9440
8183 1837
668 8183
5131 9441
14 9442
9610 14
5407 9443
3819 5407
4943 3819
7079 4943
5555 7079
9208 9444
7464 9445
5300 7464
7675 5300
5202 7675
4180 5202
3261 4180
2217 3261
1244 9446
3779 1244
8362 9447
642 8362
7848 642
5943 7848
9038 5943
1725 9038
5954 1725
3745 5954
6302 3745
4744 6302
1933 4744
4484 1933
1763 9448
7064 1763
850 7064
7724 9449
8822 9453
4668 8822
2667 9454
2252 2667
6574 9455
8226 9456
6068 8226
1873 6068
2252 9459
1269 9460
6053 1269
5512 9461
3486 5512
7296 9463
5642 9464
8199 5642
4289 8199
3489 9465
4142 3489
3326 4142
1566 3326
6447 9466
3422 6447
7867 9467
7542 7867
5355 7542
2350 5355
9305 9468
8770 9305
3199 9469
7028 3199
7591 7028
4218 7591
6046 4218
6195 9470
792 6195
623 792
2262 623
2664 2262
2874 2664
3530 9471
5068 3530
8386 5068
3367 8386
8716 3367
379 8716
1566 379
3004 1566
3868 9473
2059 3868
6330 9474
5433 6330
8505 5433
6103 9476
9651 6103
6046 9477
1457 6046
2000 9478
1702 2000
226 1702
1551 226
5082 9479
4169 5082
2120 9480
1127 2120
363 1127
9263 363
1750 9263
8976 1750
8279 8976
4623 8279
2505 9481
3346 2505
9360 3346
2224 9482
8413 2224
9739 9483
141 9484
1417 9485
9958 1417
2199 9487
4098 2199
1742 4098
703 9488
200 703
1392 200
3100 9490
8009 3100
9743 9491
4802 9492
8234 9494
7645 8234
9883 7645
8754 9496
9765 8754
7361 9498
5468 7361
9027 5468
5462 9499
4443 5462
3657 4443
6437 9500
3300 6437
3355 3300
5796 3355
5523 9502
1767 5523
1886 1767
5663 9503
3183 5663
8195 3183
4213 9504
3632 9505
9936 9508
4915 9509
3832 4915
1327 3832
4366 9510
8192 4366
1070 8192
5519 1070
6425 9512
8714 6425
1753 8714
1531 1753
4830 1531
5466 9513
6998 5466
209 6998
927 209
1441 927
3865 9514
7363 3865
4740 7363
7219 9515
9511 7219
6614 9511
8986 6614
1396 8986
8628 1396
8520 9517
9591 9518
2840 9520
2152 2840
9526 2152
4106 9521
2335 9522
7205 2335
4823 9524
526 4823
4626 526
342 9525
3302 342
3339 3302
8446 3339
4832 8446
8169 9526
3911 8169
8182 3911
8377 8182
4838 8377
9622 4838
8593 9527
8552 8593
713 8552
5812 713
8062 5812
3678 8062
4797 3678
5810 9528
2305 5810
3316 2305
5400 3316
1496 5400
1819 1496
1277 1819
1953 1277
4153 1953
4833 4153
6775 4833
4678 9529
9458 4678
3468 9530
7980 3468
2797 7980
1914 2797
9163 1914
7317 9163
2176 7317
7344 2176
2045 9531
7013 9532
3317 7013
637 3317
1917 637
4029 1917
2800 9533
9978 9534
4058 9535
3948 4058
5787 3948
2714 9536
3616 2714
7538 9537
4209 9538
5434 4209
5167 5434
6161 5167
9587 9539
9999 9540
9288 9541
616 9288
9457 616
2755 9543
4947 2755
8605 4947
4668 8605
4110 4668
5921 9544
6844 5921
1453 6844
4317 1453
208 9546
1122 208
1305 9547
8476 1305
1502 8476
4105 1502
8454 4105
5560 8454
8052 9548
592 9550
8273 9551
1667 8273
8130 1667
8834 8130
3453 9552
3296 3453
4994 3296
3039 4994
3294 3039
4281 9553
6 4281
9102 6
3388 9102
4953 3388
7706 4953
8055 7706
9062 8055
9978 9062
1250 9554
6866 1250
4294 9555
7810 9556
7987 9557
1951 7987
6285 9558
9489 9560
2407 9489
1090 2407
1400 1090
458 9561
1682 458
9672 9562
8477 9563
9811 8477
8505 9565
1929 8505
9458 1929
9851 9566
1319 9567
2751 1319
483 2751
1324 483
1853 1324
3870 1853
6276 3870
5910 9568
8277 5910
1689 8277
5888 1689
5878 5888
8555 9569
6533 9570
3687 6533
2893 9571
8483 2893
6324 8483
8733 6324
889 8733
7413 9573
132 7413
7699 132
5446 7699
6156 5446
2527 6156
5256 2527
1012 5256
4455 9574
4713 9575
7214 4713
5773 7214
3816 5773
4049 3816
3448 4049
2020 3448
7918 2020
9724 7918
7929 9576
2546 7929
1412 2546
168 1412
8424 168
6318 8424
3053 6318
8462 3053
5563 9577
1535 5563
1137 1535
4295 1137
8776 9579
4902 8776
779 9580
2826 9581
347 9582
6934 347
5352 6934
1955 5352
4297 1955
9806 4297
6667 9583
1511 9584
1930 9585
6834 1930
5559 6834
5377 9586
5205 9587
9828 5205
1452 9588
9486 1452
8726 9486
9216 9591
9653 9592
3501 9593
5533 3501
2705 5533
8314 2705
7447 8314
592 9597
9451 592
1742 9598
5719 1742
704 5719
2520 704
8544 2520
1050 9600
5805 9602
3895 5805
3004 9603
101 9604
52 101
6023 52
1611 9605
8333 1611
9208 8333
3521 9607
61 3521
4413 61
9701 9609
1513 9613
3898 1513
8426 3898
7080 8426
9902 7080
1926 9614
8964 1926
8959 8964
239 9615
6411 239
5902 9616
6041 5902
8152 6041
1620 8152
6744 9617
7023 9618
163 7023
4146 163
2827 4146
409 2827
7149 409
9279 7149
6812 9279
9523 9619
7242 9523
5144 7242
8731 5144
762 8731
1556 762
9495 1556
462 9495
3068 462
9744 3068
8887 9620
6499 9621
5997 6499
7164 5997
5463 9622
4955 5463
7403 4955
1873 7403
856 1873
3443 856
6376 3443
8827 9623
6539 9624
3398 6539
5341 9625
684 5341
2576 9626
2101 2576
4184 2101
1854 9627
8912 9629
3707 8912
9095 3707
407 9095
8789 407
6209 8789
1963 6209
4635 1963
6670 4635
1382 6670
4378 1382
1909 4378
7881 9630
374 9631
9072 9632
3343 9072
1681 3343
2826 9633
1567 2826
8888 9634
2621 8888
7942 9635
4067 7942
9159 4067
7691 9637
9407 7691
6194 9407
6618 9638
1508 6618
377 9639
8471 377
6771 8471
4083 6771
3918 4083
7178 9640
9223 7178
126 9641
9140 126
3857 9140
3147 3857
521 3147
4586 521
1407 4586
4753 9642
1312 9643
6831 9644
8095 6831
9344 9645
9656 9344
6013 9646
8231 6013
8628 9647
306 8628
8649 9648
4138 8649
4348 4138
8056 9649
331 8056
965 331
5915 965
708 5915
5788 708
2685 5788
1142 2685
9705 1142
9862 9651
365 9652
6182 365
5353 6182
573 5353
5680 573
5874 5680
1511 5874
3439 1511
626 3439
9174 626
269 9174
5073 269
8517 9653
6276 8517
7437 6276
3099 7437
4904 3099
7743 4904
1748 7743
9041 1748
2090 9041
6155 2090
9372 6155
3055 9654
2069 3055
6431 2069
8842 9656
4753 8842
7572 4753
4898 7572
967 4898
4288 9658
7431 4288
6319 7431
1213 6319
9462 9659
8544 9462
2723 8544
2900 2723
9170 9661
8248 9170
3168 8248
594 3168
3116 9662
5796 3116
8030 5796
2566 8030
699 2566
2124 699
665 2124
6091 665
566 6091
6819 566
1814 6819
9972 1814
5239 9663
8244 5239
5165 9664
6344 9665
5816 6344
62 5816
7310 62
103 7310
3844 9666
9980 3844
7667 9667
3305 7667
8524 3305
6741 9668
2557 6741
4045 9669
4988 4045
5724 4988
990 5724
8103 990
7871 8103
9019 9670
669 9019
4921 669
7495 4921
1333 7495
1012 1333
8060 9671
4504 8060
2825 4504
8031 2825
9742 8031
7421 9672
3195 7421
6085 3195
3236 6085
9608 3236
9746 9673
9690 9674
9803 9676
9726 9677
7357 9678
3107 7357
8249 3107
4097 8249
2015 4097
2293 2015
5437 2293
7739 5437
3282 7739
3539 3282
1961 3539
8652 1961
559 8652
6882 559
2498 6882
8244 2498
7893 9679
6909 7893
2747 9680
7069 9681
1291 9682
8840 1291
4489 8840
837 9683
4925 9684
4076 4925
444 9686
4670 444
118 4670
6598 118
747 6598
7474 747
6057 7474
8995 6057
7922 8995
8071 7922
7639 8071
3358 7639
2161 3358
7272 2161
3249 7272
4122 3249
2276 4122
159 2276
1003 159
4773 1003
4754 9688
5247 4754
8034 5247
3852 9689
8667 9690
9324 8667
2692 9324
3156 2692
161 3156
3968 161
3583 3968
6956 9691
4989 6956
3700 4989
3554 3700
5736 9692
7525 9693
9610 7525
1082 9610
1799 1082
7680 9694
8721 7680
1508 8721
9841 1508
2344 9695
1108 2344
3962 1108
4619 3962
1267 4619
1316 9696
5744 1316
6020 5744
6562 6020
3777 9697
6224 9698
5228 6224
9452 5228
8915 9452
4735 8915
9612 4735
9234 9612
8318 9234
6568 8318
4222 6568
8369 4222
121 8369
6309 9699
2246 6309
6082 2246
7391 6082
4044 7391
3761 4044
2463 9700
1903 9701
9953 9702
1158 9703
3011 1158
266 3011
5777 266
629 5777
1581 629
7872 1581
3000 9704
4494 3000
8000 4494
9223 8000
9722 9223
7451 9706
4489 7451
808 4489
3415 808
3722 3415
5477 9707
9982 5477
4296 9708
198 4296
6454 198
604 6454
2443 604
2535 2443
4346 9710
2838 4346
2647 9711
6808 2647
4740 9712
2600 4740
4318 9714
7750 4318
9217 7750
6446 9217
8378 6446
798 8378
4317 798
1378 4317
5291 1378
8668 5291
6952 8668
1364 6952
2470 1364
1441 2470
8524 1441
5884 8524
5162 5884
4000 5162
5865 4000
9457 5865
4197 9457
8670 4197
6413 8670
6639 6413
1204 6639
758 1204
5828 758
203 5828
3918 203
568 3918
2802 9715
8235 9716
4669 9717
2018 4669
4680 2018
9399 4680
9167 9718
5348 9167
7128 5348
810 7128
367 810
4079 367
8525 4079
2836 8525
5519 2836
7048 5519
8720 7048
681 8720
1048 681
936 1048
6489 936
1596 9721
9606 1596
2901 9606
8235 2901
809 8235
11 809
414 11
1011 414
3928 1011
981 9722
164 981
8514 164
5650 8514
8534 5650
9545 8534
1400 9545
4052 9723
4892 9724
8527 9725
1213 9727
5258 1213
2605 5258
9738 2605
8093 9728
8124 8093
6785 8124
3164 9729
5156 9730
4184 5156
4100 4184
7996 4100
5780 7996
3705 9731
7249 3705
366 7249
865 9732
7259 865
779 7259
8228 779
7538 8228
8112 7538
4743 8112
6051 4743
3761 9734
9628 3761
5595 9628
1512 5595
3680 1512
6838 3680
38 6838
4892 9735
8447 4892
2642 8447
4629 2642
2891 4629
7117 2891
7766 7117
6055 7766
8624 6055
8301 8624
154 8301
2972 9736
4080 2972
210 9738
220 210
797 220
7426 797
3830 7426
1576 3830
5653 1576
1367 5653
9687 1367
396 9687
3769 396
9799 3769
23 9739
5715 9740
1310 5715
54 9741
8904 54
1347 8904
1298 1347
7350 1298
340 7350
5926 340
240 5926
7457 240
43 7457
2646 43
2432 2646
8344 2432
9151 8344
5403 9151
8775 9742
9360 8775
5622 9360
9572 5622
6786 9572
9451 6786
1147 9451
8790 1147
7169 8790
7185 9743
9185 7185
937 9185
6983 937
5560 6983
3003 9744
4644 3003
1965 9745
1906 9748
2342 1906
3262 2342
9255 9749
2681 9255
5540 2681
5847 5540
6489 5847
1934 6489
8492 1934
8921 8492
277 8921
7643 9750
675 7643
5404 675
3354 5404
6297 3354
4975 6297
139 9751
2099 139
2473 2099
8929 2473
9268 9752
9657 9268
4465 9657
6556 4465
2991 6556
6376 2991
9559 6376
7634 9559
4693 7634
1464 4693
9975 1464
4306 9753
7071 4306
9007 7071
9845 9007
2917 9754
5496 9755
1779 5496
7760 1779
768 7760
8407 768
5402 8407
1442 5402
3810 1442
5108 3810
4090 5108
5136 9756
1598 5136
2541 1598
7608 2541
6878 7608
8160 9757
3616 8160
7695 3616
4715 7695
6606 4715
4070 6606
625 9758
591 625
5114 591
8441 5114
6917 8441
9420 6917
1863 9420
5924 1863
5616 5924
4779 9759
7771 4779
3746 7771
8890 3746
4890 8890
2153 4890
644 2153
6331 644
2314 6331
5751 2314
6773 5751
7450 9760
7348 7450
9313 7348
1409 9313
4226 1409
7472 4226
5025 9761
1920 5025
8538 1920
1630 8538
2341 1630
5515 2341
8573 5515
3807 8573
307 3807
5489 307
3226 9764
2169 3226
7764 9765
8841 9766
3299 8841
1886 3299
2587 9767
2188 2587
6775 9769
1091 6775
2831 9770
9458 2831
3404 9458
4933 3404
6230 4933
7205 6230
2281 7205
1894 2281
8614 9771
2858 8614
9365 9773
3638 9365
1129 3638
4254 1129
1619 4254
3469 1619
6120 3469
191 6120
7275 191
6426 9775
2032 6426
6852 9776
8594 6852
9795 8594
2045 9778
1892 9779
1681 1892
4631 1681
4080 9780
4807 4080
2073 4807
3262 2073
4264 9781
1828 4264
8195 1828
493 8195
9033 493
6827 9033
2386 6827
3998 2386
6036 3998
8102 6036
3987 8102
7164 9782
2356 7164
1957 9784
632 1957
4827 632
8500 4827
4259 8500
1253 4259
531 9785
7462 531
9846 7462
6677 9786
9506 6677
1738 9506
4709 1738
4136 4709
2169 4136
9516 2169
2560 9516
1782 2560
3779 1782
4388 3779
6328 4388
4272 6328
9772 4272
3154 9772
3009 9788
121 3009
5541 121
1111 5541
4107 1111
2704 9789
9818 9790
2415 9791
3336 2415
4644 3336
914 4644
3946 914
5896 3946
7796 5896
1407 7796
2094 1407
4473 2094
913 4473
183 913
9181 183
1400 9181
2351 9792
5048 2351
312 5048
484 312
8827 484
4699 8827
6812 4699
9450 9793
822 9450
6317 822
2458 6317
942 2458
1858 9794
9920 1858
1400 9795
4561 1400
9737 4561
3814 9737
4248 3814
733 9796
4728 733
4545 4728
2980 4545
2523 2980
2304 2523
5073 9797
3347 5073
3216 3347
5255 3216
8880 5255
967 8880
3957 967
3927 3957
1278 9798
793 9799
2753 793
2328 2753
7604 2328
2202 7604
3149 2202
272 3149
1012 272
4090 1012
8481 4090
931 8481
5489 9800
3042 5489
7020 3042
9303 7020
3641 9303
4104 3641
382 9801
4538 382
7083 4538
9256 7083
6841 9256
8508 9802
2603 9803
6408 2603
3762 9804
1482 9805
7374 1482
4071 7374
1760 4071
5004 1760
4863 5004
4513 4863
7331 4513
8818 7331
3066 9806
480 3066
5441 480
429 5441
921 429
3922 921
7712 3922
6410 7712
3315 6410
4731 3315
2064 4731
3307 2064
8834 9807
8797 8834
7844 8797
2268 7844
8052 9808
4684 8052
775 4684
7006 775
1091 7006
889 1091
4839 889
4817 4839
1311 4817
6599 1311
9820 6599
6173 9810
7463 9811
7150 9812
1342 7150
528 9814
3981 528
6782 3981
7309 6782
4902 7309
7055 4902
5020 7055
7663 5020
369 7663
6102 369
6078 6102
3676 9815
4935 9816
4874 4935
7871 4874
3554 7871
9277 3554
2555 9277
4329 2555
6283 4329
9997 6283
1569 9817
1121 1569
4813 1121
2879 4813
7719 2879
984 9818
5403 984
5181 5403
4486 5181
6744 4486
2061 6744
8466 2061
9877 8466
9369 9819
9719 9369
6932 9719
740 6932
7381 740
3652 9820
6841 3652
3458 6841
7327 9823
8127 9824
4683 8127
1550 4683
1680 1550
3960 1680
4104 3960
2360 4104
242 2360
452 242
3928 452
7714 3928
1617 7714
6806 1617
1785 6806
2600 1785
2208 2600
6965 2208
7085 9825
5303 9826
5377 5303
1903 5377
5180 1903
1097 9827
1621 1097
8463 1621
1836 9831
9002 1836
2114 9002
8676 2114
8811 8676
5793 8811
3154 9832
3494 9833
7342 3494
4834 7342
7453 4834
7797 7453
7193 7797
4046 7193
4600 4046
7473 9834
1759 9835
6216 1759
4278 6216
3543 4278
5168 3543
2838 5168
6860 9836
2252 6860
4492 2252
8588 4492
4154 8588
6023 4154
9685 6023
5775 9685
837 9837
7872 837
1128 9838
2951 1128
2900 2951
6290 9839
5095 6290
6053 5095
9783 6053
8788 9783
7238 9840
3587 7238
2936 3587
4431 2936
7632 4431
7535 9841
8255 7535
5743 8255
103 5743
2532 103
5637 2532
5270 5637
1721 5270
2496 9842
7521 2496
2565 7521
1084 9843
8027 1084
8587 8027
7120 8587
153 9844
9424 153
1343 9424
7632 1343
8726 7632
594 9846
3921 594
172 3921
6647 9847
56 6647
8959 56
236 8959
9994 236
1894 9849
4666 1894
7626 4666
5780 7626
2920 5780
9720 2920
5882 9720
1804 5882
5356 1804
7503 5356
9876 7503
4204 9850
1376 4204
8792 9851
1639 9853
9402 1639
7379 9402
5110 7379
5906 5110
3154 5906
6452 3154
3537 6452
8231 3537
3398 8231
3809 3398
8402 3809
44 8402
3864 9855
7360 3864
6631 7360
3858 6631
5605 3858
1297 5605
7835 1297
7736 7835
568 7736
3906 568
9970 3906
8723 9856
9261 8723
7472 9261
4951 9858
3464 4951
8847 3464
3742 8847
1454 3742
4600 1454
7472 4600
6563 7472
505 6563
6977 505
9367 6977
393 9367
5207 393
2764 5207
4202 9859
3608 4202
9159 3608
4417 9159
7319 4417
5789 7319
4626 5789
9275 4626
7085 9275
2460 7085
7011 2460
4005 7011
2717 4005
6980 2717
9079 6980
1978 9079
4451 1978
4029 9860
1793 4029
9650 1793
4123 9650
9599 4123
4249 9599
1594 9861
6161 1594
1106 6161
8571 1106
5527 8571
7850 5527
3777 7850
8290 3777
2051 9862
3737 2051
7448 3737
2820 7448
1055 2820
3237 9863
7445 3237
330 7445
6673 9864
6257 6673
3692 6257
7029 9865
8973 9866
671 8973
6108 9867
7302 6108
1473 7302
6488 1473
5447 6488
1122 5447
610 1122
5045 610
1723 5045
2204 1723
1205 9869
9180 1205
774 9180
3084 774
7029 3084
902 7029
1373 902
5432 1373
4638 5432
5173 4638
8251 5173
2045 8251
8409 2045
5695 8409
8726 5695
1433 9871
1951 9872
2417 1951
8462 9873
7276 8462
9439 7276
4569 9439
4577 4569
7263 4577
1056 7263
23 1056
4737 23
1666 4737
5067 1666
6459 5067
221 6459
2624 221
1990 2624
7346 1990
5707 7346
9018 5707
8247 9018
3431 8247
4449 3431
9237 4449
8603 9237
2699 8603
7633 2699
3363 7633
4746 3363
6358 4746
4796 6358
3048 4796
5126 3048
3257 5126
323 3257
4564 323
4177 4564
1252 9874
1826 1252
1584 1826
1274 1584
6562 9875
9601 9876
2693 9601
9372 2693
9821 9372
1668 9821
1361 1668
3518 1361
3726 3518
6731 3726
1765 6731
7156 1765
1179 7156
7353 1179
5759 7353
230 5759
4985 230
9121 4985
1327 9121
7694 9877
268 7694
4374 268
2819 4374
3524 2819
4697 3524
3734 4697
4052 3734
5948 4052
1911 5948
1988 9878
3573 1988
8473 3573
1588 8473
2617 1588
4196 9879
7761 4196
4284 9880
1909 4284
1278 1909
8009 1278
8639 8009
9394 8639
1517 9394
6169 9881
3098 6169
7275 3098
2750 7275
8082 2750
2747 9882
4076 2747
5775 4076
3015 5775
4802 3015
4945 4802
2890 4945
5850 2890
8678 9883
3294 8678
8149 3294
589 8149
5281 589
1721 5281
5413 1721
3220 5413
690 9884
9608 690
7332 9608
1325 7332
7868 1325
4962 7868
9334 4962
2858 9334
4355 2858
850 4355
9027 850
3805 9027
4476 3805
8128 4476
1886 8128
3574 9885
2204 3574
4013 2204
6588 4013
7005 6588
8957 7005
5830 8957
2854 5830
3987 2854
9123 3987
1002 9123
4575 1002
755 4575
9074 755
9987 9074
3974 9886
9763 9887
5946 9763
1306 5946
1088 1306
166 1088
6267 166
6773 6267
3023 6773
6973 3023
3974 6973
2049 3974
777 2049
4801 777
177 4801
9015 177
8374 9015
8732 8374
3027 8732
1314 3027
2088 1314
8335 9888
7143 9890
1293 7143
2321 9891
2617 2321
8646 2617
3247 8646
3371 3247
7719 3371
3233 7719
7344 3233
3834 7344
5531 3834
5001 5531
1273 5001
5696 1273
1267 5696
8045 1267
8718 8045
4592 8718
8370 4592
7119 8370
1720 9892
3170 1720
3647 3170
734 3647
7895 734
8730 7895
112 8730
9208 112
817 9208
4799 817
2702 4799
2109 9893
7119 2109
5318 7119
7106 5318
366 7106
8688 9894
4824 8688
9950 9896
6032 9897
5009 6032
1832 5009
7384 1832
6281 7384
7527 6281
8651 7527
677 9898
2597 677
9594 9899
5398 9594
6067 5398
1313 6067
4919 1313
9713 4919
8399 9713
2814 8399
8442 2814
4862 8442
8373 9900
5610 8373
9660 5610
1075 9660
4070 1075
6779 4070
6392 6779
1175 6392
3496 1175
5080 9901
2350 9902
3445 9903
7463 3445
7359 7463
5277 7359
4846 5277
9991 4846
9155 9904
9848 9155
668 9848
1751 668
5793 1751
6065 5793
4169 6065
3458 4169
7336 9905
3881 7336
1856 3881
149 1856
8674 149
6717 8674
8521 6717
635 8521
6377 635
9595 6377
4704 9595
9507 4704
2339 9906
2230 2339
3002 9907
7418 3002
4580 7418
2798 4580
1232 2798
8290 1232
4426 8290
2429 4426
8280 9908
3581 9909
2277 3581
5299 2277
1683 5299
8069 1683
7716 8069
5852 7716
7878 5852
5051 7878
6084 5051
9733 6084
1551 9733
1110 1551
2802 1110
71 2802
1744 71
9178 9910
6018 9178
2800 6018
5036 2800
8356 9911
5029 8356
4389 5029
2125 4389
5960 2125
7186 5960
3356 7186
601 3356
7964 601
5784 7964
5233 5784
1544 5233
4412 9912
6883 4412
9578 6883
8833 9578
950 8833
1781 950
6710 1781
6000 6710
7865 6000
6443 7865
3902 6443
5326 3902
5596 5326
325 9913
7069 325
1125 7069
6342 1125
9868 6342
6160 9868
1049 6160
1249 1049
548 1249
3173 548
3560 3173
4085 3560
2880 4085
4161 2880
2048 4161
5015 2048
5745 5015
9943 5745
9427 9914
2627 9916
5873 2627
8259 5873
3577 9917
7653 3577
1320 9918
5928 1320
1869 5928
4114 1869
9830 9919
7194 9830
9709 9920
154 9709
4263 154
833 4263
2847 833
482 9921
3344 482
3895 3344
8082 3895
3891 8082
3419 3891
1642 3419
4328 1642
6298 4328
2154 6298
2727 2154
1312 2727
7898 1312
2670 7898
7090 2670
6876 9922
8542 6876
1700 8542
6804 1700
6194 6804
3020 6194
2732 9923
4415 2732
7133 4415
8913 7133
1608 8913
3194 1608
5418 3194
2222 9924
4026 2222
4616 4026
2704 4616
7370 2704
4862 7370
785 4862
7612 785
8280 7612
8778 8280
8291 8778
929 8291
931 929
1018 931
8592 1018
5180 8592
3687 5180
5682 3687
8408 5682
8580 8408
7381 8580
5211 7381
4773 5211
400 4773
4294 400
5539 4294
3885 5539
3206 3885
7147 3206
7078 9925
4975 9926
9368 4975
7455 9368
9590 7455
8423 9590
4824 8423
4451 4824
5560 4451
8788 5560
9082 8788
4337 9929
7078 4337
10 7078
1620 10
8095 1620
8602 9930
6799 8602
8133 6799
4283 8133
5206 4283
6712 5206
8015 6712
6769 8015
7837 6769
8415 7837
1062 8415
3375 1062
8651 3375
620 8651
6873 620
5728 6873
5594 5728
6241 5594
3182 6241
1536 3182
1015 9931
4358 1015
2338 4358
6574 9932
9497 9933
7772 9934
911 7772
6574 911
7781 9935
8882 7781
1021 8882
2734 1021
2032 2734
5505 2032
3368 5505
3590 3368
2217 3590
1383 2217
358 1383
6405 358
6149 6405
1419 6149
6131 1419
1151 6131
2038 1151
3004 2038
6878 3004
3984 6878
5596 9936
6411 5596
1871 9939
6610 1871
7120 6610
4208 7120
3184 4208
6616 3184
1979 6616
446 1979
3190 446
6112 3190
9327 6112
562 9327
5197 562
7710 5197
6066 7710
4917 6066
1299 9940
4634 1299
6299 9941
1656 6299
1038 1656
8799 1038
9427 8799
7169 9427
6301 7169
7816 6301
172 7816
3178 172
1799 3178
5767 1799
5940 5767
21 5940
2376 21
3060 2376
4229 3060
1911 4229
9675 9942
2559 9675
2356 2559
9216 2356
5022 9216
8034 5022
9777 8034
6571 9777
2096 6571
5843 2096
1487 5843
3394 1487
476 3394
4137 476
1402 4137
7866 9943
2935 7866
828 2935
5034 828
5587 5034
8643 5587
1557 8643
8764 1557
6794 8764
3675 6794
1055 3675
6814 1055
2402 6814
4114 2402
7394 4114
4313 7394
141 9944
6305 9945
3020 6305
9356 3020
1326 9946
7406 1326
9133 7406
4248 9133
9501 4248
1327 9501
5734 1327
2894 9947
8154 2894
9870 8154
4295 9948
6019 4295
9156 6019
1474 9156
7404 1474
4742 7404
117 4742
8960 117
9857 8960
3262 9857
2634 3262
912 2634
75 912
5036 75
1377 5036
7469 1377
5700 7469
1517 5700
125 1517
8719 125
873 8719
7802 873
2476 7802
6357 2476
2050 6357
1976 2050
4035 1976
7783 4035
1222 7783
2188 9949
7653 2188
5516 7653
4559 5516
6808 4559
6990 9950
1962 6990
7902 1962
3458 7902
7274 9951
7758 7274
6719 7758
6259 6719
8669 6259
3145 8669
7646 3145
46 7646
6965 46
3345 6965
7914 3345
7089 7914
8416 7089
5138 8416
4891 5138
891 4891
1494 9952
6940 1494
9219 6940
1880 9219
1074 1880
440 1074
4068 440
8726 4068
2307 8726
4978 2307
1886 4978
5648 1886
3291 5648
9787 3291
5457 9787
564 5457
7544 564
8527 7544
3175 8527
2565 3175
1672 2565
820 1672
8962 820
8636 8962
517 9953
6875 517
5725 6875
5284 5725
8365 5284
6967 8365
2526 6967
6210 2526
258 6210
1744 258
8090 1744
1331 8090
8535 1331
8509 8535
57 8509
7194 57
3486 7194
8294 3486
2841 8294
6776 2841
8080 6776
4650 9954
3692 4650
1975 3692
3176 1975
6866 3176
891 6866
4847 891
4037 4847
9852 4037
3483 9852
905 3483
3079 9955
5559 3079
6188 5559
1443 6188
8877 1443
5066 8877
7652 5066
9134 7652
3161 9134
5741 3161
464 5741
1696 464
4249 1696
6872 4249
5241 6872
4086 5241
5165 4086
8081 5165
862 8081
9596 862
2730 9596
905 2730
7923 905
2258 7923
7770 9956
8813 7770
7104 8813
8158 7104
5017 8158
6938 9957
9063 6938
8095 9063
8848 8095
1602 8848
5889 1602
7724 5889
6667 7724
3540 6667
3209 3540
9828 3209
5633 9828
3673 5633
7875 3673
6233 7875
6896 6233
3115 9958
319 9959
8413 319
1195 8413
7532 1195
8008 7532
277 8008
4788 9960
2282 4788
8886 2282
2557 8886
7447 2557
5989 7447
7066 5989
2463 9961
2927 2463
6128 2927
6909 6128
8126 6909
7730 8126
9149 7730
5850 9149
748 5850
9040 748
9058 9040
575 9058
4672 9962
9082 4672
8449 9082
7257 8449
5978 7257
1563 5978
3927 1563
4390 3927
9110 9963
7810 9110
8749 7810
5738 8749
2597 5738
7383 2597
4623 7383
1505 9964
4829 1505
611 4829
8570 611
3643 8570
9889 3643
1050 9889
6903 1050
4367 6903
5131 4367
6051 5131
216 6051
5878 216
5090 5878
5625 5090
6453 5625
6114 6453
1059 9965
1253 1059
3370 1253
7036 3370
2816 7036
7296 2816
7777 7296
1925 9966
1457 1925
2877 1457
4014 2877
4053 4014
259 4053
8636 259
5557 9967
1439 5557
5598 1439
478 5598
1433 478
1839 1433
1527 1839
8335 1527
6205 9968
6657 6205
4385 9969
2772 4385
8887 2772
9475 8887
4748 9475
5339 4748
5588 5339
5806 5588
2943 5806
5309 2943
9193 5309
5758 9193
8956 5758
3321 8956
4034 9970
412 4034
6198 412
8047 9971
4464 8047
2808 4464
3034 2808
6372 3034
599 6372
8632 599
6849 8632
2031 6849
6822 2031
8376 6822
366 8376
3026 366
1384 3026
1102 1384
2149 1102
6622 2149
576 6622
6896 576
1960 6896
2515 1960
2702 2515
4903 2702
4175 4903
8246 4175
7012 8246
3130 7012
1567 3130
7398 1567
3541 7398
4116 3541
5444 4116
4356 5444
6923 4356
4830 6923
727 4830
3873 727
9813 3873
7576 9813
5904 7576
6634 5904
2303 9972
2621 2303
6011 2621
38 6011
3722 38
8159 3722
6660 8159
650 6660
5054 9973
4971 5054
3164 4971
4107 3164
6225 4107
7339 6225
2353 7339
9589 2353
468 9589
271 468
6986 271
361 6986
4386 361
2429 4386
4716 2429
7660 4716
3610 7660
1795 3610
1533 1795
3422 1533
9370 3422
3788 9370
55 3788
8024 55
6408 8024
2417 6408
4413 9974
129 4413
575 129
1072 575
778 1072
1981 778
2395 1981
294 2395
2439 294
8619 2439
3984 8619
4791 3984
8207 4791
803 8207
1413 803
5192 1413
1163 9975
5798 1163
3973 5798
2231 3973
3458 2231
3934 3458
4025 3934
1342 4025
7356 1342
9746 7356
5129 9746
3762 5129
4121 3762
1536 4121
6179 1536
8533 6179
8016 8533
3105 8016
5957 3105
5146 5957
1437 5146
8351 1437
1791 8351
3876 1791
3321 3876
5774 3321
5018 5774
7880 5018
2928 7880
6431 2928
9423 6431
443 9423
2228 443
9747 2228
2673 9747
2037 2673
3681 2037
3049 3681
3378 3049
1036 3378
9146 1036
8506 9146
4797 8506
3266 4797
6393 3266
7327 6393
8150 7327
761 8150
6784 761
4106 6784
2258 4106
8220 2258
2456 8220
4048 2456
2095 4048
2129 9976
6173 2129
7113 6173
8 7113
9100 8
9895 9100
9430 9895
9542 9430
2122 9542
9177 2122
8566 9177
511 8566
9209 511
7966 9209
3888 7966
244 3888
7111 244
8746 7111
1392 8746
6728 1392
1490 6728
5071 1490
4878 5071
2250 4878
1854 2250
8983 1854
4507 8983
73 4507
7791 73
4906 7791
8520 4906
6271 8520
1078 6271
1984 1078
6278 1984
178 6278
1878 178
2059 1878
6071 2059
351 6071
7587 351
989 7587
861 989
6795 861
8954 6795
1101 8954
3390 1101
2417 3390
6198 2417
1134 6198
9144 1134
7687 9144
6204 7687
4021 6204
9937 4021
4409 9937
9356 4409
795 9356
4481 795
3498 9977
5701 3498
9352 5701
9768 9352
6778 9768
1335 6778
6045 9978
3307 6045
9564 3307
4455 9564
5730 4455
9915 5730
2042 9915
6718 2042
7127 6718
5188 7127
5671 5188
4579 5671
4930 4579
4439 4930
776 4439
6063 776
3583 6063
8463 3583
2266 8463
3955 2266
4751 9979
6674 4751
3310 6674
5545 3310
7506 5545
6807 7506
1245 9980
3210 1245
6574 3210
4375 6574
4544 4375
8970 4544
4033 8970
4108 4033
3425 4108
9762 3425
374 9762
1818 374
6479 1818
3852 6479
3357 3852
8502 3357
8431 8502
8286 8431
2940 8286
9206 2940
4348 9206
2874 4348
4020 2874
2965 4020
6829 2965
8770 6829
5990 8770
138 5990
4315 138
3496 4315
3297 3496
1911 3297
6705 1911
9870 6705
6285 9870
7600 6285
5192 7600
318 5192
8059 318
8616 8059
79 8616
4784 79
6785 4784
2910 6785
8636 2910
141 8636
7763 141
7066 7763
8427 7066
702 8427
2623 702
9126 2623
9928 9126
6643 9928
2091 6643
6756 2091
5412 6756
8080 5412
6893 8080
6078 6893
7927 6078
6541 7927
7989 6541
4631 7989
6411 4631
4273 6411
8583 4273
7954 8583
942 9981
2993 942
6569 2993
7373 6569
7777 7373
9705 7777
6634 9705
6412 6634
9845 6412
4396 9845
9829 4396
4623 9829
1449 4623
8803 1449
3749 8803
1376 3749
5445 9982
5839 5445
8131 5839
7209 8131
270 7209
1376 270
3286 9983
8197 3286
4268 8197
1274 4268
9179 1274
7030 9179
1899 7030
7761 1899
4983 7761
9192 4983
754 9192
7903 9985
2916 7903
8530 2916
7607 8530
9549 7607
1293 9549
7452 1293
296 7452
7473 296
2074 7473
1745 2074
6275 1745
2174 6275
9472 2174
8072 9472
8012 8072
3955 8012
5280 3955
4634 5280
1682 4634
4917 1682
2830 4917
5949 2830
6191 9986
2008 9987
2979 2008
4441 2979
6121 4441
4313 6121
9984 4313
6874 9984
2216 6874
2900 2216
1755 2900
9822 1755
2448 9988
9399 2448
7273 9399
9096 7273
6871 9096
5699 6871
7192 9989
9497 7192
7872 9497
6663 7872
7568 6663
2236 9990
6969 2236
2847 6969
6869 2847
8650 6869
7764 9991
6050 7764
951 6050
306 951
8057 306
281 8057
1098 281
4177 1098
4593 4177
1081 4593
7402 1081
6808 7402
3980 6808
5508 3980
2982 5508
2780 2982
1258 2780
254 1258
8227 254
4480 8227
2304 4480
5418 2304
3977 5418
6528 3977
8432 6528
1544 8432
5115 1544
5401 5115
743 5401
8335 743
402 8335
4858 402
4384 9992
7704 4384
1515 7704
8792 1515
7984 9993
2612 9994
9321 2612
8929 9321
44 8929
6722 44
2088 6722
376 2088
8582 376
5069 8582
9507 5069
6191 9507
1675 6191
7733 1675
671 7733
330 671
3150 330
4647 3150
6857 4647
7933 6857
2542 7933
8323 2542
3333 8323
9636 3333
6657 9636
87 6657
4493 87
1040 4493
7790 1040
2359 7790
6184 2359
2126 6184
1322 2126
5504 1322
1054 5504
1366 1054
8577 1366
9493 8577
1741 9493
7158 1741
4562 7158
7599 4562
3349 7599
2588 3349
5331 2588
371 5331
2917 371
4832 2917
5017 4832
9774 5017
2764 9774
3910 2764
8096 3910
2449 8096
3546 2449
1105 3546
2535 9995
4390 9996
8496 4390
324 8496
6749 324
4679 6749
8801 4679
8070 8801
182 8070
9854 182
5787 9854
8759 5787
5699 9997
3879 5699
2268 3879
260 2268
1477 260
5616 1477
9199 5616
6807 9199
2338 6807
2115 2338
7990 2115
7354 7990
1888 7354
754 1888
7616 754
6336 7616
3202 6336
1161 3202
3792 1161
5736 3792
5550 5736
2287 5550
2411 9998
8650 2411
6966 8650
1212 6966
3072 1212
7147 3072
7417 7147
8858 7417
2257 8858
3115 2257
2737 3115
4525 2737
9726 4525
4213 9726
6492 4213
8924 6492
7372 8924
8830 7372
1039 8830
5361 1039
2535 5361
9278 2535
6114 9278
150 6114
1965 150
9315 1965
1310 9315
5756 1310
1402 5756
3212 1402
4395 3212
3813 4395
1861 3813
1360 1861
1376 1360
4932 1376
4858 4932
8792 4858
142 8792
7115 142
8259 7115
2878 8259
7991 2878
7984 7991
7090 7984
4482 7090
3260 4482
4461 3260
3311 4461
650 3311
9822 650
5846 9822
9927 5846
2287 9927
2347 2287
8244 2347
7954 8244
3657 7954
3999 3657
9355 3999
3220 9355
8393 3220
9519 8393
5080 9519
6104 5080
894 6104
6364 894
962 6364
6038 962
6505 6038
4428 6505
648 4428
5734 648
2418 5734
8631 2418
2823 8631
6899 2823
8242 6899
3636 8242
6562 3636
8891 6562
9809 8891
8759 9809
8818 8759
2095 9999
1105 2095
3413 1105
48 3413
1113 48
3763 1113
5755 3763
684 5755
8508 684
1625 8508
2116 1625
4611 2116
2519 4611
8479 2519
1924 8479
4908 1924
1335 4908
2703 1335
5555 2703
7068 5555
5120 7068
537 5120
6242 537
8371 6242
8779 8371
6229 8779
1284 6229
7669 1284
6037 7669
6394 6037
2838 6394
4484 2838
3850 4484
2602 3850
4531 2602
1315 4531
6365 1315
6637 6365
1998 6637
4872 1998
8262 4872
4113 8262
5834 4113
7132 5834
2591 7132
4110 2591
2039 4110
277 2039
6812 277
3945 6812
3696 3945
8284 3696
4481 8284
9938 4481
3006 9938
9611 3006
6166 9611
4289 6166
3632 4289
8555 3632
682 8555
2821 682
3038 2821
883 3038
5423 883
7568 5423
2197 7568
8139 2197
557 8139
4195 557
3010 4195
8818 3010
8307 8818
5195 8307
5949 5195
7250 5949
9304 7250
4339 9304
7526 4339
6116 7526
8283 6116
1222 8283
751 1222
9115 751
7511 9115
3756 7511
5078 3756
3676 5078
8044 3676
5061 8044
2230 5061
5077 2230
7881 5077
5267 7881
5959 5267
9655 5959
9187 9655
8156 9187
7793 8156
6095 7793
2350 6095
2350 10000
