100 100
30 4
57 5
73 8
31 10
92 11
44 12
66 13
52 15
62 16
96 22
17 23
28 25
47 26
95 27
46 28
63 30
98 32
35 33
14 40
41 43
96 44
81 45
18 46
6 47
9 49
55 9
77 50
21 53
7 21
17 54
95 57
88 58
73 59
19 60
18 19
17 61
62 17
36 65
68 36
75 66
31 67
84 72
3 74
29 3
78 76
48 78
91 48
75 79
34 75
56 82
68 83
29 68
89 29
85 84
86 85
97 87
39 88
62 39
69 62
98 89
31 91
63 31
37 63
55 37
81 92
7 81
71 7
42 93
42 95
38 42
69 38
24 97
73 24
71 73
52 98
51 52
70 51
94 70
77 94
55 77
2 55
96 2
35 96
90 35
80 90
20 80
86 99
71 86
34 71
6 34
20 6
64 20
69 64
56 69
18 56
1 18
14 1
41 14
41 100
1 55 30
1 30 3
1 33 5
2 27
2 28
2 17
1 54 78
2 59
1 79 5
1 80 18
1 74 25
2 36
2 20
2 25
1 84 44
1 77 60
2 89
2 87
2 47
2 77
2 99
2 99
1 52 68
1 10 92
1 100 27
2 18
1 43 91
1 98 77
2 2
1 9 52
1 86 3
2 87
2 94
1 38 65
2 47
2 98
2 13
2 91
1 96 30
2 6
1 52 76
1 59 15
1 14 60
1 36 97
1 53 95
1 44 93
1 37 57
2 73
1 37 43
2 24
2 14
2 7
2 51
1 51 63
1 16 16
2 48
2 64
2 8
2 80
2 81
2 25
1 44 6
2 29
1 25 59
2 65
1 52 73
1 83 37
2 70
1 56 75
2 83
2 62
2 44
1 40 6
1 62 30
2 99
1 51 50
2 66
2 79
1 68 9
1 15 44
1 49 57
2 30
1 68 92
1 15 5
2 20
2 50
2 53
2 44
1 30 69
2 90
1 57 83
1 6 64
1 32 32
2 64
1 26 17
2 33
1 90 19
2 31
1 26 44
1 81 33
