(5,6,8,) (5,)
(5,6,8,) (6,)
(3,5,6,7,8,) (5,6,8,)
(3,5,7,) (5,)
(3,5,7,) (7,)
(3,5,6,7,8,) (3,5,7,)
(2,3,5,6,7,8,10,) (3,5,6,7,8,)
(2,8,10,) (8,)
(2,8,10,) (2,)
(2,3,5,6,7,8,10,) (2,8,10,)
(1,2,3,4,5,6,7,8,9,10,) (2,3,5,6,7,8,10,)
(1,8,) (8,)
(1,8,) (1,)
(1,4,8,9,) (1,8,)
(1,4,9,) (1,)
(1,4,9,) (9,)
(1,4,8,9,) (1,4,9,)
(1,2,3,4,5,6,7,8,9,10,) (1,4,8,9,)
Iter 0
YA 9 ; 8; 3 ; 3
7
Iter 1
YA 9 ; 8; 2 ; 1
2
Iter 2
YA 9 ; 1; 1 ; 0
1
FUCK OFF AT THIS INDEX 6
6
UPDATE 7 -10
wat? 5
0 : 2 3 5 6 7 8 10 
1 : 1 4 8 9 
YO 0
0 : 3 5 6 7 8 
1 : 2 8 10 
YO 0
0 : 5 6 8 
1 : 3 5 7 
YO 0
0 : 5 
1 : 7 
YO 1
Iter 0
YA 9 ; 8; 3 ; 2
7
Iter 1
YA 9 ; 8; 2 ; 1
2
Iter 2
YA 9 ; 1; 1 ; 0
1
FUCK OFF AT THIS INDEX 5
5
****************************************************************************
UPDATE 8 -10
wat? 1
****************************************************************************
Iter 0
YA 5 ; 1; 1 ; 3
4
Iter 1
YA 5 ; 10; 1 ; -8
3
FUCK OFF AT THIS INDEX 4
4
Iter 0
YA 4 ; 8; 2 ; -8
7
Iter 1
YA 4 ; 8; 1 ; 1
2
FUCK OFF AT THIS INDEX 2
2
Iter 0
YA 3 ; 1; 2 ; 3
4
Iter 1
YA 3 ; 10; 2 ; -8
3
Iter 2
YA 3 ; 8; 1 ; -8
3
FUCK OFF AT THIS INDEX 5
5
UPDATE 2 -8
wat? 4
0 : 2 3 5 6 7 8 10 
1 : 1 4 8 9 
YO 0
0 : 3 5 6 7 8 
1 : 2 8 10 
YO 0
0 : 8 
1 : 2 
YO 1
UPDATE 6 -4
wat? 5
0 : 2 3 5 6 7 8 10 
1 : 1 4 8 9 
YO 0
0 : 3 5 6 7 8 
1 : 2 8 10 
YO 0
0 : 5 6 8 
1 : 3 5 7 
YO 0
0 : 5 
1 : 6 
YO 1
Iter 0
YA 2 ; 1; 2 ; 3
4
Iter 1
YA 2 ; 5; 2 ; -8
5
Iter 2
YA 2 ; 8; 1 ; -10
1
FUCK OFF AT THIS INDEX 5
5
